Dataplantio	Epoca	ano	mes	dia	Ndia	T.max	t.min	Prec.	Tmed	Tbase	ADD	ADD2	ADDTot	Prec.Ac
9/18/2020	1	2020	set	18	1	28.5	17	0	21.6	13	8.6	8.6	8.6	0
9/18/2020	1	2020	set	19	2	29.3	17.9	0	22.64	13	9.64	9.64	18.24	0
9/18/2020	1	2020	set	20	3	29	17.6	0	22.56	13	9.56	9.56	27.8	0
9/18/2020	1	2020	set	21	4	29	20.8	0	23.86	13	10.86	10.86	38.66	0
9/18/2020	1	2020	set	22	5	27.6	24.5	14	23.56	13	10.56	10.56	49.22	14
9/18/2020	1	2020	set	23	6	29	20.5	4.1	23.82	13	10.82	10.82	60.04	18.1
9/18/2020	1	2020	set	24	7	27.8	19.5	0	22.86	13	9.86	9.86	69.9	18.1
9/18/2020	1	2020	set	25	8	27	19.8	3.4	22.12	13	9.12	9.12	79.02	21.5
9/18/2020	1	2020	set	26	9	28.4	19.7	5.2	22.94	13	9.94	9.94	88.96	26.7
9/18/2020	1	2020	set	27	10	29	19.4	0	22.44	13	9.44	9.44	98.4	26.7
9/18/2020	1	2020	set	28	11	30.3	18.8	0	23.66	13	10.66	10.66	109.06	26.7
9/18/2020	1	2020	set	29	12	30.4	21.6	0	24.22	13	11.22	11.22	120.28	26.7
9/18/2020	1	2020	set	30	13	29.3	21	0	23.5	13	10.5	10.5	130.78	26.7
9/18/2020	1	2020	out	1	14	28	20.8	0.5	23.32	13	10.32	10.32	141.1	27.2
9/18/2020	1	2020	out	2	15	29.4	20.9	1.7	24.06	13	11.06	11.06	152.16	28.9
9/18/2020	1	2020	out	3	16	29.4	18.4	0	23.48	13	10.48	10.48	162.64	28.9
9/18/2020	1	2020	out	4	17	30.4	18.7	0	23.58	13	10.58	10.58	173.22	28.9
9/18/2020	1	2020	out	5	18	29.2	19.8	0	23.28	13	10.28	10.28	183.5	28.9
9/18/2020	1	2020	out	6	19	29.8	20.2	0	23.96	13	10.96	10.96	194.46	28.9
9/18/2020	1	2020	out	7	20	31	19.2	0	23.88	13	10.88	10.88	205.34	28.9
9/18/2020	1	2020	out	8	21	32	20.5	0	23.92	13	10.92	10.92	216.26	28.9
9/18/2020	1	2020	out	9	22	32.5	22.2	0	25.18	13	12.18	12.18	228.44	28.9
9/18/2020	1	2020	out	10	23	36.8	22.8	0	26.36	13	13.36	13.36	241.8	28.9
9/18/2020	1	2020	out	11	24	32	23.7	0	25.94	13	12.94	12.94	254.74	28.9
9/18/2020	1	2020	out	12	25	31.6	22.6	0	24.88	13	11.88	11.88	266.62	28.9
9/18/2020	1	2020	out	13	26	31.6	21.4	0	24.64	13	11.64	11.64	278.26	28.9
9/18/2020	1	2020	out	14	27	31	19.8	0	23.84	13	10.84	10.84	289.1	28.9
9/18/2020	1	2020	out	15	28	31.6	18.8	0	24.64	13	11.64	11.64	300.74	28.9
9/18/2020	1	2020	out	16	29	31	19.8	0	23.88	13	10.88	10.88	311.62	28.9
9/18/2020	1	2020	out	17	30	30.7	20.6	0	24.7	13	11.7	11.7	323.32	28.9
9/18/2020	1	2020	out	18	31	23.7	21	2.8	21.62	13	8.62	8.62	331.94	31.7
9/18/2020	1	2020	out	19	32	28.4	21.6	24.2	23.6	13	10.6	10.6	342.54	55.9
9/18/2020	1	2020	out	20	33	29.6	22.2	1.4	24.46	13	11.46	11.46	354	57.3
9/18/2020	1	2020	out	21	34	30.6	18.4	0	23.88	13	10.88	10.88	364.88	57.3
9/18/2020	1	2020	out	22	35	30.6	21.2	0	24.92	13	11.92	11.92	376.8	57.3
9/18/2020	1	2020	out	23	36	30.4	21.6	0	24.64	13	11.64	11.64	388.44	57.3
9/18/2020	1	2020	out	24	37	30	21.2	0	24.6	13	11.6	11.6	400.04	57.3
9/18/2020	1	2020	out	25	38	32.3	21.2	0	25.62	13	12.62	12.62	412.66	57.3
9/18/2020	1	2020	out	26	39	28.4	23	0.6	24.74	13	11.74	11.74	424.4	57.9
9/18/2020	1	2020	out	27	40	29.6	22.6	6.2	24.24	13	11.24	11.24	435.64	64.1
9/18/2020	1	2020	out	28	41	30.4	23	0.5	25.52	13	12.52	12.52	448.16	64.6
9/18/2020	1	2020	out	29	42	28.8	22.8	1.4	24.4	13	11.4	11.4	459.56	66
9/18/2020	1	2020	out	30	43	29.8	22.5	0	24.74	13	11.74	11.74	471.3	66
9/18/2020	1	2020	out	31	44	31.7	22.4	0	25.6	13	12.6	12.6	483.9	66
9/18/2020	1	2020	nov	1	45	31.7	21.9	0	25.52	13	12.52	12.52	496.42	66
9/18/2020	1	2020	nov	2	46	24	21.2	5.2	21.92	13	8.92	8.92	505.34	71.2
9/18/2020	1	2020	nov	3	47	25	20.6	4.6	22.46	13	9.46	9.46	514.8	75.8
9/18/2020	1	2020	nov	4	48	27.3	20.6	0	23.54	13	10.54	10.54	525.34	75.8
9/18/2020	1	2020	nov	5	49	29	21.6	18.9	24	13	11	11	536.34	94.7
9/18/2020	1	2020	nov	6	50	31	21.6	2.8	25.48	13	12.48	12.48	548.82	97.5
9/18/2020	1	2020	nov	7	51	31	22.2	0	25.38	13	12.38	12.38	561.2	97.5
9/18/2020	1	2020	nov	8	52	30.2	22.8	0	24.88	13	11.88	11.88	573.08	97.5
9/18/2020	1	2020	nov	9	53	29.2	20.6	0	23.78	13	10.78	10.78	583.86	97.5
9/18/2020	1	2020	nov	10	54	30.4	19.2	0	24.26	13	11.26	11.26	595.12	97.5
9/18/2020	1	2020	nov	11	55	29.1	21.7	0	24.78	13	11.78	11.78	606.9	97.5
9/18/2020	1	2020	nov	12	56	31.2	21	0	24.48	13	11.48	11.48	618.38	97.5
9/18/2020	1	2020	nov	13	57	32	19.8	0	24.88	13	11.88	11.88	630.26	97.5
9/18/2020	1	2020	nov	14	58	32.6	22.5	0	25.78	13	12.78	12.78	643.04	97.5
9/18/2020	1	2020	nov	15	59	34	21.8	0	26.38	13	13.38	13.38	656.42	97.5
9/18/2020	1	2020	nov	16	60	32	23	0	25.98	13	12.98	12.98	669.4	97.5
9/18/2020	1	2020	nov	17	61	33.5	21.4	0	25.94	13	12.94	12.94	682.34	97.5
9/18/2020	1	2020	nov	18	62	32.7	24	0	26.14	13	13.14	13.14	695.48	97.5
9/18/2020	1	2020	nov	19	63	31.9	23.5	0	26.56	13	13.56	13.56	709.04	97.5
9/18/2020	1	2020	nov	20	64	29.3	22.1	16.6	24.28	13	11.28	11.28	720.32	114.1
9/18/2020	1	2020	nov	21	65	30.9	23.7	0.8	25.26	13	12.26	12.26	732.58	114.9
9/18/2020	1	2020	nov	22	66	30.7	23.4	0.2	24.84	13	11.84	11.84	744.42	115.1
9/18/2020	1	2020	nov	23	67	30	20.4	0	24.32	13	11.32	11.32	755.74	115.1
9/18/2020	1	2020	nov	24	68	29.9	20.3	0.8	24.28	13	11.28	11.28	767.02	115.9
9/18/2020	1	2020	nov	25	69	29.6	20.5	1.7	23.6	13	10.6	10.6	777.62	117.6
9/18/2020	1	2020	nov	26	70	28	20.6	6.2	23.84	13	10.84	10.84	788.46	123.8
9/18/2020	1	2020	nov	27	71	27.2	21.2	9.4	23.6	13	10.6	10.6	799.06	133.2
9/18/2020	1	2020	nov	28	72	28.8	20.4	4	23.6	13	10.6	10.6	809.66	137.2
9/18/2020	1	2020	nov	29	73	26.9	20.7	7.3	22.86	13	9.86	9.86	819.52	144.5
9/18/2020	1	2020	nov	30	74	29.9	20	1.1	23.96	13	10.96	10.96	830.48	145.6
9/18/2020	1	2020	dez	1	75	31.6	20.9	0	25.34	13	12.34	12.34	842.82	145.6
9/18/2020	1	2020	dez	2	76	31.4	21.2	0	25.12	13	12.12	12.12	854.94	145.6
9/18/2020	1	2020	dez	3	77	32.4	22.8	0	26	13	13	13	867.94	145.6
9/18/2020	1	2020	dez	4	78	32.1	23.4	0	25.66	13	12.66	12.66	880.6	145.6
9/18/2020	1	2020	dez	5	79	31.3	22.3	0	24.84	13	11.84	11.84	892.44	145.6
9/18/2020	1	2020	dez	6	80	31.7	21.4	0	24.56	13	11.56	11.56	904	145.6
9/18/2020	1	2020	dez	7	81	31.6	21.3	0	24.44	13	11.44	11.44	915.44	145.6
9/18/2020	1	2020	dez	8	82	32.3	21.1	0	25.02	13	12.02	12.02	927.46	145.6
9/18/2020	1	2020	dez	9	83	33.7	21.7	0	25.84	13	12.84	12.84	940.3	145.6
9/18/2020	1	2020	dez	10	84	33.2	21.4	0	25.92	13	12.92	12.92	953.22	145.6
9/18/2020	1	2020	dez	11	85	32.5	21.6	0	25.3	13	12.3	12.3	965.52	145.6
9/18/2020	1	2020	dez	12	86	31.9	21.8	0	24.7	13	11.7	11.7	977.22	145.6
9/18/2020	1	2020	dez	13	87	31.1	20.2	0	24.44	13	11.44	11.44	988.66	145.6
9/18/2020	1	2020	dez	14	88	31.4	20	0	24.84	13	11.84	11.84	1000.5	145.6
9/18/2020	1	2020	dez	15	89	30.9	20.6	0	24.96	13	11.96	11.96	1012.46	145.6
9/18/2020	1	2020	dez	16	90	30	21.6	0	24.64	13	11.64	11.64	1024.1	145.6
9/18/2020	1	2020	dez	17	91	30.4	21.6	0	24.4	13	11.4	11.4	1035.5	145.6
9/18/2020	1	2020	dez	18	92	32.5	22.4	0.5	26.2	13	13.2	13.2	1048.7	146.1
9/18/2020	1	2020	dez	19	93	34.2	23.1	0	27.14	13	14.14	14.14	1062.84	146.1
9/18/2020	1	2020	dez	20	94	32.9	23.8	0	26.34	13	13.34	13.34	1076.18	146.1
9/18/2020	1	2020	dez	21	95	33	23	0	25.8	13	12.8	12.8	1088.98	146.1
9/18/2020	1	2020	dez	22	96	33.5	22	0	26.18	13	13.18	13.18	1102.16	146.1
9/18/2020	1	2020	dez	23	97	32.9	21.6	0	26.1	13	13.1	13.1	1115.26	146.1
9/18/2020	1	2020	dez	24	98	31.9	20	0	24.98	13	11.98	11.98	1127.24	146.1
9/18/2020	1	2020	dez	25	99	33.3	20.4	0	25.14	13	12.14	12.14	1139.38	146.1
9/18/2020	1	2020	dez	26	100	29.8	22.6	0	24.64	13	11.64	11.64	1151.02	146.1
9/18/2020	1	2020	dez	27	101	32.2	21	5.6	25.68	13	12.68	12.68	1163.7	151.7
9/18/2020	1	2020	dez	28	102	31.4	22.4	0	25.34	13	12.34	12.34	1176.04	151.7
9/18/2020	1	2020	dez	29	103	31.4	21	0	24.8	13	11.8	11.8	1187.84	151.7
9/18/2020	1	2020	dez	30	104	32.1	20.5	0	25.02	13	12.02	12.02	1199.86	151.7
9/18/2020	1	2020	dez	31	105	30.9	21.4	0	25.18	13	12.18	12.18	1212.04	151.7
9/18/2020	1	2021	jan	1	106	32.4	22.2	0	25.86	13	12.86	12.86	1224.9	151.7
9/18/2020	1	2021	jan	2	107	32.3	21.8	0	25.7	13	12.7	12.7	1237.6	151.7
9/18/2020	1	2021	jan	3	108	32.6	21.7	0	25.72	13	12.72	12.72	1250.32	151.7
9/18/2020	1	2021	jan	4	109	32.9	22	0	26.12	13	13.12	13.12	1263.44	151.7
9/18/2020	1	2021	jan	5	110	32.3	22.5	1	25.6	13	12.6	12.6	1276.04	152.7
9/18/2020	1	2021	jan	6	111	32.4	21.2	0	25.28	13	12.28	12.28	1288.32	152.7
9/18/2020	1	2021	jan	7	112	33.9	20.6	0	25.94	13	12.94	12.94	1301.26	152.7
9/18/2020	1	2021	jan	8	113	34.5	22	0	26.5	13	13.5	13.5	1314.76	152.7
9/18/2020	1	2021	jan	9	114	34.3	22.8	0	26.94	13	13.94	13.94	1328.7	152.7
9/18/2020	1	2021	jan	10	115	33.3	23.1	0	26.9	13	13.9	13.9	1342.6	152.7
9/18/2020	1	2021	jan	11	116	31.5	23.5	0	26.42	13	13.42	13.42	1356.02	152.7
9/18/2020	1	2021	jan	12	117	27.3	22.7	2.6	24.36	13	11.36	11.36	1367.38	155.3
9/18/2020	1	2021	jan	13	118	30.7	21.8	6.6	25.5	13	12.5	12.5	1379.88	161.9
9/18/2020	1	2021	jan	14	119	32.5	21.8	0	25.78	13	12.78	12.78	1392.66	161.9
9/18/2020	1	2021	jan	15	120	28.2	23	0.5	23.88	13	10.88	10.88	1403.54	162.4
9/18/2020	1	2021	jan	16	121	30	21.4	5	24.24	13	11.24	11.24	1414.78	167.4
9/18/2020	1	2021	jan	17	122	31	21.5	1.5	24.94	13	11.94	11.94	1426.72	168.9
9/18/2020	1	2021	jan	18	123	31.2	21.8	7.4	25.12	13	12.12	12.12	1438.84	176.3
9/18/2020	1	2021	jan	19	124	31	20.6	0	25	13	12	12	1450.84	176.3
9/18/2020	1	2021	jan	20	125	28.2	21.3	1.4	23.66	13	10.66	10.66	1461.5	177.7
9/18/2020	1	2021	jan	21	126	30.4	21.5	0.7	24.94	13	11.94	11.94	1473.44	178.4
9/18/2020	1	2021	jan	22	127	29	21.6	0.2	24.44	13	11.44	11.44	1484.88	178.6
9/18/2020	1	2021	jan	23	128	30	21.2	0	24.24	13	11.24	11.24	1496.12	178.6
9/18/2020	1	2021	jan	24	129	30.1	21.8	0	24.32	13	11.32	11.32	1507.44	178.6
9/18/2020	1	2021	jan	25	130	31.1	22	1.4	24.9	13	11.9	11.9	1519.34	180
9/18/2020	1	2021	jan	26	131	29.2	21.8	4.2	24.44	13	11.44	11.44	1530.78	184.2
9/18/2020	1	2021	jan	27	132	30.8	21	0	24.8	13	11.8	11.8	1542.58	184.2
9/18/2020	1	2021	jan	28	133	31.2	21.6	0.4	24.68	13	11.68	11.68	1554.26	184.6
9/18/2020	1	2021	jan	29	134	32	22	0	25.64	13	12.64	12.64	1566.9	184.6
9/18/2020	1	2021	jan	30	135	32.6	21.9	0	25.84	13	12.84	12.84	1579.74	184.6
9/18/2020	1	2021	jan	31	136	31.8	22.6	0	25.76	13	12.76	12.76	1592.5	184.6
9/18/2020	1	2021	fev	1	137	30.3	22.3	0	25.44	13	12.44	12.44	1604.94	184.6
9/18/2020	1	2021	fev	2	138	30.4	22.4	0.6	25.4	13	12.4	12.4	1617.34	185.2
9/18/2020	1	2021	fev	3	139	33	23.4	1.2	26.42	13	13.42	13.42	1630.76	186.4
9/18/2020	1	2021	fev	4	140	31	22.2	0	25.44	13	12.44	12.44	1643.2	186.4
9/18/2020	1	2021	fev	5	141	34	23.2	0	27.12	13	14.12	14.12	1657.32	186.4
9/18/2020	1	2021	fev	6	142	33.8	23	0	26.96	13	13.96	13.96	1671.28	186.4
9/18/2020	1	2021	fev	7	143	32.5	23.8	0	26.86	13	13.86	13.86	1685.14	186.4
9/18/2020	1	2021	fev	8	144	33.2	24.3	0	26.82	13	13.82	13.82	1698.96	186.4
9/18/2020	1	2021	fev	9	145	22.1	22.2	0	23.82	13	10.82	10.82	1709.78	186.4
9/18/2020	1	2021	fev	10	146	33.1	21.1	0	25.96	13	12.96	12.96	1722.74	186.4
9/18/2020	1	2021	fev	11	147	32	22	0	25.4	13	12.4	12.4	1735.14	186.4
9/18/2020	1	2021	fev	12	148	32.1	20.6	0	25.62	13	12.62	12.62	1747.76	186.4
9/18/2020	1	2021	fev	13	149	31.7	21.2	0	25.14	13	12.14	12.14	1759.9	186.4
9/18/2020	1	2021	fev	14	150	33.1	21.2	0	25.88	13	12.88	12.88	1772.78	186.4
9/18/2020	1	2021	fev	15	151	33.7	21.2	0	25.48	13	12.48	12.48	1785.26	186.4
9/18/2020	1	2021	fev	16	152	33.8	21.3	0	26.28	13	13.28	13.28	1798.54	186.4
9/18/2020	1	2021	fev	17	153	34.8	24.8	0	26.7	13	13.7	13.7	1812.24	186.4
9/18/2020	1	2021	fev	18	154	32.9	23	3.8	25.74	13	12.74	12.74	1824.98	190.2
9/18/2020	1	2021	fev	19	155	32.7	21.8	10.4	25.94	13	12.94	12.94	1837.92	200.6
9/18/2020	1	2021	fev	20	156	33.3	23.2	1.2	25.86	13	12.86	12.86	1850.78	201.8
9/18/2020	1	2021	fev	21	157	32.5	22.8	0	26.06	13	13.06	13.06	1863.84	201.8
9/18/2020	1	2021	fev	22	158	32.5	21.7	0	25.74	13	12.74	12.74	1876.58	201.8
9/18/2020	1	2021	fev	23	159	32.7	21.6	0	25.9	13	12.9	12.9	1889.48	201.8
9/18/2020	1	2021	fev	24	160	32.6	21.5	0	26.26	13	13.26	13.26	1902.74	201.8
9/18/2020	1	2021	fev	25	161	32.1	22.2	0	26.38	13	13.38	13.38	1916.12	201.8
9/18/2020	1	2021	fev	26	162	32.1	21.8	0	25.86	13	12.86	12.86	1928.98	201.8
9/18/2020	1	2021	fev	27	163	29.9	21.8	0	25.22	13	12.22	12.22	1941.2	201.8
9/18/2020	1	2021	fev	28	164	28.6	21.2	0	24.52	13	11.52	11.52	1952.72	201.8
9/18/2020	1	2021	mar	1	165	28	22.2	21.3	23.5	13	10.5	10.5	1963.22	223.1
9/18/2020	1	2021	mar	2	166	30.6	20.4	5.4	24.56	13	11.56	11.56	1974.78	228.5
9/18/2020	1	2021	mar	3	167	28.6	20.9	0	24.36	13	11.36	11.36	1986.14	228.5
9/18/2020	1	2021	mar	4	168	30.6	22.2	0	24.84	13	11.84	11.84	1997.98	228.5
9/18/2020	1	2021	mar	5	169	31.9	21	0	24.9	13	11.9	11.9	2009.88	228.5
9/18/2020	1	2021	mar	6	170	33.7	21.3	0	26.44	13	13.44	13.44	2023.32	228.5
9/18/2020	1	2021	mar	7	171	34.7	22.8	0	26.7	13	13.7	13.7	2037.02	228.5
9/18/2020	1	2021	mar	8	172	32.5	23.6	0	26.22	13	13.22	13.22	2050.24	228.5
9/18/2020	1	2021	mar	9	173	32.6	22.6	0	25.76	13	12.76	12.76	2063	228.5
9/18/2020	1	2021	mar	10	174	33.1	20.6	0	25.68	13	12.68	12.68	2075.68	228.5
9/18/2020	1	2021	mar	11	175	32.7	22	0	26.42	13	13.42	13.42	2089.1	228.5
9/18/2020	1	2021	mar	12	176	33	22.5	0	25.38	13	12.38	12.38	2101.48	228.5
9/18/2020	1	2021	mar	13	177	31.7	20.6	0	24.96	13	11.96	11.96	2113.44	228.5
9/18/2020	1	2021	mar	14	178	31.5	21.2	0.4	24.9	13	11.9	11.9	2125.34	228.9
9/18/2020	1	2021	mar	15	179	32	20	0	25.14	13	12.14	12.14	2137.48	228.9
9/18/2020	1	2021	mar	16	180	32.1	20.7	0	25.76	13	12.76	12.76	2150.24	228.9
9/18/2020	1	2021	mar	17	181	32.6	22.9	0	26.32	13	13.32	13.32	2163.56	228.9
9/18/2020	1	2021	mar	18	182	31.4	22.2	0	25.68	13	12.68	12.68	2176.24	228.9
9/18/2020	1	2021	mar	19	183	29.9	22.2	3.1	24.98	13	11.98	11.98	2188.22	232
9/18/2020	1	2021	mar	20	184	30.5	21.9	6.7	24.74	13	11.74	11.74	2199.96	238.7
9/18/2020	1	2021	mar	21	185	30.6	22.4	3.6	24.84	13	11.84	11.84	2211.8	242.3
9/18/2020	1	2021	mar	22	186	29.2	22	1.6	24.48	13	11.48	11.48	2223.28	243.9
9/18/2020	1	2021	mar	23	187	30.5	20.8	5.3	24.68	13	11.68	11.68	2234.96	249.2
9/18/2020	1	2021	mar	24	188	31	21.2	0	25.06	13	12.06	12.06	2247.02	249.2
9/18/2020	1	2021	mar	25	189	30	20.4	0	24.24	13	11.24	11.24	2258.26	249.2
9/18/2020	1	2021	mar	26	190	30.6	20.5	0.2	24.46	13	11.46	11.46	2269.72	249.4
9/18/2020	1	2021	mar	27	191	30.6	21	0	24.8	13	11.8	11.8	2281.52	249.4
9/18/2020	1	2021	mar	28	192	31.6	19.7	0	24.42	13	11.42	11.42	2292.94	249.4
9/18/2020	1	2021	mar	29	193	33.1	20.7	0	25.36	13	12.36	12.36	2305.3	249.4
9/18/2020	1	2021	mar	30	194	33.7	20.8	0	26	13	13	13	2318.3	249.4
9/18/2020	1	2021	mar	31	195	34.7	23.8	0	26.64	13	13.64	13.64	2331.94	249.4
9/18/2020	1	2021	abr	1	196	33.9	24.7	0	27.28	13	14.28	14.28	2346.22	249.4
9/18/2020	1	2021	abr	2	197	34.5	24.8	0	27.3	13	14.3	14.3	2360.52	249.4
9/18/2020	1	2021	abr	3	198	32.3	23	0	25.86	13	12.86	12.86	2373.38	249.4
9/18/2020	1	2021	abr	4	199	32.6	22.9	0	26.38	13	13.38	13.38	2386.76	249.4
9/18/2020	1	2021	abr	5	200	32	22.2	0	25.46	13	12.46	12.46	2399.22	249.4
9/18/2020	1	2021	abr	6	201	28.6	22.4	3.2	24.24	13	11.24	11.24	2410.46	252.6
9/18/2020	1	2021	abr	7	202	31.1	21.7	2.8	24.64	13	11.64	11.64	2422.1	255.4
9/18/2020	1	2021	abr	8	203	29.2	21.6	0	24.04	13	11.04	11.04	2433.14	255.4
9/18/2020	1	2021	abr	9	204	28.2	21.5	9.8	23.32	13	10.32	10.32	2443.46	265.2
9/18/2020	1	2021	abr	10	205	24.4	21.6	24.5	22.42	13	9.42	9.42	2452.88	289.7
9/18/2020	1	2021	abr	11	206	27.1	21.4	30.6	23.64	13	10.64	10.64	2463.52	320.3
9/18/2020	1	2021	abr	12	207	29.8	21.1	17.1	23.98	13	10.98	10.98	2474.5	337.4
9/18/2020	1	2021	abr	13	208	31.4	19.6	6	24.6	13	11.6	11.6	2486.1	343.4
9/18/2020	1	2021	abr	14	209	30	20.9	0	24.48	13	11.48	11.48	2497.58	343.4
9/18/2020	1	2021	abr	15	210	27.8	21	0.5	23.2	13	10.2	10.2	2507.78	343.9
9/18/2020	1	2021	abr	16	211	26.8	20.8	17.3	22.66	13	9.66	9.66	2517.44	361.2
9/18/2020	1	2021	abr	17	212	27.1	21.2	1.6	23.84	13	10.84	10.84	2528.28	362.8
9/18/2020	1	2021	abr	18	213	29.6	22.4	0	24.58	13	11.58	11.58	2539.86	362.8
9/18/2020	1	2021	abr	19	214	32.1	22.1	0.2	25.28	13	12.28	12.28	2552.14	363
9/18/2020	1	2021	abr	20	215	30.8	23.1	18.9	25.46	13	12.46	12.46	2564.6	381.9
9/18/2020	1	2021	abr	21	216	28.9	22.4	25.6	24.5	13	11.5	11.5	2576.1	407.5
9/18/2020	1	2021	abr	22	217	30	23.2	1	25.2	13	12.2	12.2	2588.3	408.5
9/18/2020	1	2021	abr	23	218	29.4	23.6	1.5	25.24	13	12.24	12.24	2600.54	410
9/18/2020	1	2021	abr	24	219	29.3	23.7	8.7	25.02	13	12.02	12.02	2612.56	418.7
9/18/2020	1	2021	abr	25	220	30.8	22.4	4.2	25.46	13	12.46	12.46	2625.02	422.9
9/18/2020	1	2021	abr	26	221	30.4	21.4	0	25.3	13	12.3	12.3	2637.32	422.9
9/18/2020	1	2021	abr	27	222	30.4	19.9	0	24.44	13	11.44	11.44	2648.76	422.9
9/18/2020	1	2021	abr	28	223	30	21.9	0	24.78	13	11.78	11.78	2660.54	422.9
9/18/2020	1	2021	abr	29	224	28.6	22.4	4	23.44	13	10.44	10.44	2670.98	426.9
9/18/2020	1	2021	abr	30	225	28.1	21.8	3	23.22	13	10.22	10.22	2681.2	429.9
9/18/2020	1	2021	mai	1	226	27.2	21.7	5.9	22.86	13	9.86	9.86	2691.06	435.8
9/18/2020	1	2021	mai	2	227	27.1	20.9	1.6	22.98	13	9.98	9.98	2701.04	437.4
9/18/2020	1	2021	mai	3	228	27.3	20.1	1.8	22.9	13	9.9	9.9	2710.94	439.2
9/18/2020	1	2021	mai	4	229	25	21.4	14	22.54	13	9.54	9.54	2720.48	453.2
9/18/2020	1	2021	mai	5	230	27.5	21	8.7	23.78	13	10.78	10.78	2731.26	461.9
9/18/2020	1	2021	mai	6	231	27.6	20.8	2.2	23.8	13	10.8	10.8	2742.06	464.1
9/18/2020	1	2021	mai	7	232	29.8	21.1	1.8	24	13	11	11	2753.06	465.9
9/18/2020	1	2021	mai	8	233	29	20	0	23.88	13	10.88	10.88	2763.94	465.9
9/18/2020	1	2021	mai	9	234	27.5	21.1	2.1	23.02	13	10.02	10.02	2773.96	468
9/18/2020	1	2021	mai	10	235	25	20.7	3.8	22.26	13	9.26	9.26	2783.22	471.8
9/18/2020	1	2021	mai	11	236	26.4	19.6	3.8	21.82	13	8.82	8.82	2792.04	475.6
9/18/2020	1	2021	mai	12	237	25.4	19.1	0.2	22.06	13	9.06	9.06	2801.1	475.8
9/18/2020	1	2021	mai	13	238	28.8	20.6	0	23.88	13	10.88	10.88	2811.98	475.8
9/18/2020	1	2021	mai	14	239	26.3	21.6	0	23.02	13	10.02	10.02	2822	475.8
9/18/2020	1	2021	mai	15	240	26.4	20.5	1.6	22.48	13	9.48	9.48	2831.48	477.4
9/18/2020	1	2021	mai	16	241	26.2	20.2	0	22.52	13	9.52	9.52	2841	477.4
9/18/2020	1	2021	mai	17	242	27.6	19.8	0	23.06	13	10.06	10.06	2851.06	477.4
9/18/2020	1	2021	mai	18	243	28.4	19.4	0	22.68	13	9.68	9.68	2860.74	477.4
9/18/2020	1	2021	mai	19	244	27.6	17.9	0	22	13	9	9	2869.74	477.4
9/18/2020	1	2021	mai	20	245	28.8	18.6	0	22.8	13	9.8	9.8	2879.54	477.4
9/18/2020	1	2021	mai	21	246	29.9	19.4	0	23.22	13	10.22	10.22	2889.76	477.4
9/18/2020	1	2021	mai	22	247	29.3	18.8	0	23.08	13	10.08	10.08	2899.84	477.4
9/18/2020	1	2021	mai	23	248	30.2	19.4	0	24.02	13	11.02	11.02	2910.86	477.4
9/18/2020	1	2021	mai	24	249	30	18.7	0	24	13	11	11	2921.86	477.4
9/18/2020	1	2021	mai	25	250	29.8	19.6	0	23.4	13	10.4	10.4	2932.26	477.4
9/18/2020	1	2021	mai	26	251	28	21.4	3.9	23.24	13	10.24	10.24	2942.5	481.3
9/18/2020	1	2021	mai	27	252	28.4	19.2	0	22.4	13	9.4	9.4	2951.9	481.3
9/18/2020	1	2021	mai	28	253	29.1	17.3	0	22.66	13	9.66	9.66	2961.56	481.3
9/18/2020	1	2021	mai	29	254	28.8	18.4	0	23.04	13	10.04	10.04	2971.6	481.3
9/18/2020	1	2021	mai	30	255	29.4	19.6	0	23.98	13	10.98	10.98	2982.58	481.3
9/18/2020	1	2021	mai	31	256	28.2	20.4	0	23.44	13	10.44	10.44	2993.02	481.3
9/18/2020	1	2021	jun	1	257	27.6	20.7	0.2	23.1	13	10.1	10.1	3003.12	481.5
9/18/2020	1	2021	jun	2	258	25.8	21.5	2.2	22.56	13	9.56	9.56	3012.68	483.7
9/18/2020	1	2021	jun	3	259	28.6	21.2	0.4	23.16	13	10.16	10.16	3022.84	484.1
9/18/2020	1	2021	jun	4	260	27.2	20.4	1.6	23.1	13	10.1	10.1	3032.94	485.7
9/18/2020	1	2021	jun	5	261	27.8	20.4	10	23	13	10	10	3042.94	495.7
9/18/2020	1	2021	jun	6	262	27.2	21	3	22.88	13	9.88	9.88	3052.82	498.7
9/18/2020	1	2021	jun	7	263	27.7	21	6.1	23.12	13	10.12	10.12	3062.94	504.8
9/18/2020	1	2021	jun	8	264	27.6	20.9	0.4	23.28	13	10.28	10.28	3073.22	505.2
9/18/2020	1	2021	jun	9	265	27.9	21.1	0	23.2	13	10.2	10.2	3083.42	505.2
9/18/2020	1	2021	jun	10	266	26.2	20.3	3.4	21.56	13	8.56	8.56	3091.98	508.6
9/18/2020	1	2021	jun	11	267	28.1	19.7	0.9	22.22	13	9.22	9.22	3101.2	509.5
9/18/2020	1	2021	jun	12	268	29	19.4	0	22.54	13	9.54	9.54	3110.74	509.5
9/18/2020	1	2021	jun	13	269	26.2	19.6	1	22.12	13	9.12	9.12	3119.86	510.5
9/18/2020	1	2021	jun	14	270	24.7	20.7	14.8	22	13	9	9	3128.86	525.3
9/18/2020	1	2021	jun	15	271	25.2	19.9	1.6	21.48	13	8.48	8.48	3137.34	526.9
9/18/2020	1	2021	jun	16	272	27.4	18.4	0.3	22.28	13	9.28	9.28	3146.62	527.2
9/18/2020	1	2021	jun	17	273	27.2	18.8	0	21.94	13	8.94	8.94	3155.56	527.2
9/18/2020	1	2021	jun	18	274	26.9	18.7	0	22.16	13	9.16	9.16	3164.72	527.2
9/18/2020	1	2021	jun	19	275	27.3	19.3	0.9	22.28	13	9.28	9.28	3174	528.1
9/18/2020	1	2021	jun	20	276	26.6	20.1	3.7	22.86	13	9.86	9.86	3183.86	531.8
9/18/2020	1	2021	jun	21	277	27.1	20.1	0	23.38	13	10.38	10.38	3194.24	531.8
9/18/2020	1	2021	jun	22	278	24.6	20.6	3.6	22.56	13	9.56	9.56	3203.8	535.4
9/18/2020	1	2021	jun	23	279	26.6	21	13.9	23.28	13	10.28	10.28	3214.08	549.3
9/18/2020	1	2021	jun	24	280	25.5	20.8	0.4	22.06	13	9.06	9.06	3223.14	549.7
9/18/2020	1	2021	jun	25	281	26.4	18.8	0	25.54	13	12.54	12.54	3235.68	549.7
9/18/2020	1	2021	jun	26	282	25.1	17.2	0	20.76	13	7.76	7.76	3243.44	549.7
9/18/2020	1	2021	jun	27	283	26.1	18.7	1.8	21.38	13	8.38	8.38	3251.82	551.5
9/18/2020	1	2021	jun	28	284	24.5	19.5	12	20.84	13	7.84	7.84	3259.66	563.5
9/18/2020	1	2021	jun	29	285	24.2	19.1	5.1	21.48	13	8.48	8.48	3268.14	568.6
9/18/2020	1	2021	jun	30	286	21.2	18.8	0	21.1	13	8.1	8.1	3276.24	568.6
9/18/2020	1	2021	jul	1	287	24	20.6	0.3	21.14	13	8.14	8.14	3284.38	568.9
9/18/2020	1	2021	jul	2	288	22.4	19.9	18	20.7	13	7.7	7.7	3292.08	586.9
9/18/2020	1	2021	jul	3	289	25.3	17.5	4.8	21.2	13	8.2	8.2	3300.28	591.7
9/18/2020	1	2021	jul	4	290	24.9	18.8	0	20.94	13	7.94	7.94	3308.22	591.7
9/18/2020	1	2021	jul	5	291	22.6	19.2	2	20.46	13	7.46	7.46	3315.68	593.7
9/18/2020	1	2021	jul	6	292	23	19.8	20	20.82	13	7.82	7.82	3323.5	613.7
9/18/2020	1	2021	jul	7	293	24	19.4	1.5	20.92	13	7.92	7.92	3331.42	615.2
9/18/2020	1	2021	jul	8	294	25	18	0.2	20.96	13	7.96	7.96	3339.38	615.4
9/18/2020	1	2021	jul	9	295	25	19.2	0.8	21.7	13	8.7	8.7	3348.08	616.2
9/18/2020	1	2021	jul	10	296	25.6	19.6	2.4	21.76	13	8.76	8.76	3356.84	618.6
9/18/2020	1	2021	jul	11	297	25.3	19.6	0	21.84	13	8.84	8.84	3365.68	618.6
9/18/2020	1	2021	jul	12	298	27.3	18.7	0.4	22.64	13	9.64	9.64	3375.32	619
9/18/2020	1	2021	jul	13	299	27	18.4	0	21.6	13	8.6	8.6	3383.92	619
9/18/2020	1	2021	jul	14	300	26.9	20.2	9.6	22.24	13	9.24	9.24	3393.16	628.6
9/18/2020	1	2021	jul	15	301	25.2	20.2	2.7	21.64	13	8.64	8.64	3401.8	631.3
9/18/2020	1	2021	jul	16	302	27.4	17.2	2.4	21.58	13	8.58	8.58	3410.38	633.7
9/18/2020	1	2021	jul	17	303	27.4	16.8	0	22.18	13	9.18	9.18	3419.56	633.7
11/30/2020	2	2020	dez	1	1	31.6	20.9	0	25.34	13	12.34	12.34	12.34	0
11/30/2020	2	2020	dez	2	2	31.4	21.2	0	25.12	13	12.12	12.12	24.46	0
11/30/2020	2	2020	dez	3	3	32.4	22.8	0	26	13	13	13	37.46	0
11/30/2020	2	2020	dez	4	4	32.1	23.4	0	25.66	13	12.66	12.66	50.12	0
11/30/2020	2	2020	dez	5	5	31.3	22.3	0	24.84	13	11.84	11.84	61.96	0
11/30/2020	2	2020	dez	6	6	31.7	21.4	0	24.56	13	11.56	11.56	73.52	0
11/30/2020	2	2020	dez	7	7	31.6	21.3	0	24.44	13	11.44	11.44	84.96	0
11/30/2020	2	2020	dez	8	8	32.3	21.1	0	25.02	13	12.02	12.02	96.98	0
11/30/2020	2	2020	dez	9	9	33.7	21.7	0	25.84	13	12.84	12.84	109.82	0
11/30/2020	2	2020	dez	10	10	33.2	21.4	0	25.92	13	12.92	12.92	122.74	0
11/30/2020	2	2020	dez	11	11	32.5	21.6	0	25.3	13	12.3	12.3	135.04	0
11/30/2020	2	2020	dez	12	12	31.9	21.8	0	24.7	13	11.7	11.7	146.74	0
11/30/2020	2	2020	dez	13	13	31.1	20.2	0	24.44	13	11.44	11.44	158.18	0
11/30/2020	2	2020	dez	14	14	31.4	20	0	24.84	13	11.84	11.84	170.02	0
11/30/2020	2	2020	dez	15	15	30.9	20.6	0	24.96	13	11.96	11.96	181.98	0
11/30/2020	2	2020	dez	16	16	30	21.6	0	24.64	13	11.64	11.64	193.62	0
11/30/2020	2	2020	dez	17	17	30.4	21.6	0	24.4	13	11.4	11.4	205.02	0
11/30/2020	2	2020	dez	18	18	32.5	22.4	0.5	26.2	13	13.2	13.2	218.22	0.5
11/30/2020	2	2020	dez	19	19	34.2	23.1	0	27.14	13	14.14	14.14	232.36	0.5
11/30/2020	2	2020	dez	20	20	32.9	23.8	0	26.34	13	13.34	13.34	245.7	0.5
11/30/2020	2	2020	dez	21	21	33	23	0	25.8	13	12.8	12.8	258.5	0.5
11/30/2020	2	2020	dez	22	22	33.5	22	0	26.18	13	13.18	13.18	271.68	0.5
11/30/2020	2	2020	dez	23	23	32.9	21.6	0	26.1	13	13.1	13.1	284.78	0.5
11/30/2020	2	2020	dez	24	24	31.9	20	0	24.98	13	11.98	11.98	296.76	0.5
11/30/2020	2	2020	dez	25	25	33.3	20.4	0	25.14	13	12.14	12.14	308.9	0.5
11/30/2020	2	2020	dez	26	26	29.8	22.6	0	24.64	13	11.64	11.64	320.54	0.5
11/30/2020	2	2020	dez	27	27	32.2	21	5.6	25.68	13	12.68	12.68	333.22	6.1
11/30/2020	2	2020	dez	28	28	31.4	22.4	0	25.34	13	12.34	12.34	345.56	6.1
11/30/2020	2	2020	dez	29	29	31.4	21	0	24.8	13	11.8	11.8	357.36	6.1
11/30/2020	2	2020	dez	30	30	32.1	20.5	0	25.02	13	12.02	12.02	369.38	6.1
11/30/2020	2	2020	dez	31	31	30.9	21.4	0	25.18	13	12.18	12.18	381.56	6.1
11/30/2020	2	2021	jan	1	32	32.4	22.2	0	25.86	13	12.86	12.86	394.42	6.1
11/30/2020	2	2021	jan	2	33	32.3	21.8	0	25.7	13	12.7	12.7	407.12	6.1
11/30/2020	2	2021	jan	3	34	32.6	21.7	0	25.72	13	12.72	12.72	419.84	6.1
11/30/2020	2	2021	jan	4	35	32.9	22	0	26.12	13	13.12	13.12	432.96	6.1
11/30/2020	2	2021	jan	5	36	32.3	22.5	1	25.6	13	12.6	12.6	445.56	7.1
11/30/2020	2	2021	jan	6	37	32.4	21.2	0	25.28	13	12.28	12.28	457.84	7.1
11/30/2020	2	2021	jan	7	38	33.9	20.6	0	25.94	13	12.94	12.94	470.78	7.1
11/30/2020	2	2021	jan	8	39	34.5	22	0	26.5	13	13.5	13.5	484.28	7.1
11/30/2020	2	2021	jan	9	40	34.3	22.8	0	26.94	13	13.94	13.94	498.22	7.1
11/30/2020	2	2021	jan	10	41	33.3	23.1	0	26.9	13	13.9	13.9	512.12	7.1
11/30/2020	2	2021	jan	11	42	31.5	23.5	0	26.42	13	13.42	13.42	525.54	7.1
11/30/2020	2	2021	jan	12	43	27.3	22.7	2.6	24.36	13	11.36	11.36	536.9	9.7
11/30/2020	2	2021	jan	13	44	30.7	21.8	6.6	25.5	13	12.5	12.5	549.4	16.3
11/30/2020	2	2021	jan	14	45	32.5	21.8	0	25.78	13	12.78	12.78	562.18	16.3
11/30/2020	2	2021	jan	15	46	28.2	23	0.5	23.88	13	10.88	10.88	573.06	16.8
11/30/2020	2	2021	jan	16	47	30	21.4	5	24.24	13	11.24	11.24	584.3	21.8
11/30/2020	2	2021	jan	17	48	31	21.5	1.5	24.94	13	11.94	11.94	596.24	23.3
11/30/2020	2	2021	jan	18	49	31.2	21.8	7.4	25.12	13	12.12	12.12	608.36	30.7
11/30/2020	2	2021	jan	19	50	31	20.6	0	25	13	12	12	620.36	30.7
11/30/2020	2	2021	jan	20	51	28.2	21.3	1.4	23.66	13	10.66	10.66	631.02	32.1
11/30/2020	2	2021	jan	21	52	30.4	21.5	0.7	24.94	13	11.94	11.94	642.96	32.8
11/30/2020	2	2021	jan	22	53	29	21.6	0.2	24.44	13	11.44	11.44	654.4	33
11/30/2020	2	2021	jan	23	54	30	21.2	0	24.24	13	11.24	11.24	665.64	33
11/30/2020	2	2021	jan	24	55	30.1	21.8	0	24.32	13	11.32	11.32	676.96	33
11/30/2020	2	2021	jan	25	56	31.1	22	1.4	24.9	13	11.9	11.9	688.86	34.4
11/30/2020	2	2021	jan	26	57	29.2	21.8	4.2	24.44	13	11.44	11.44	700.3	38.6
11/30/2020	2	2021	jan	27	58	30.8	21	0	24.8	13	11.8	11.8	712.1	38.6
11/30/2020	2	2021	jan	28	59	31.2	21.6	0.4	24.68	13	11.68	11.68	723.78	39
11/30/2020	2	2021	jan	29	60	32	22	0	25.64	13	12.64	12.64	736.42	39
11/30/2020	2	2021	jan	30	61	32.6	21.9	0	25.84	13	12.84	12.84	749.26	39
11/30/2020	2	2021	jan	31	62	31.8	22.6	0	25.76	13	12.76	12.76	762.02	39
11/30/2020	2	2021	fev	1	63	30.3	22.3	0	25.44	13	12.44	12.44	774.46	39
11/30/2020	2	2021	fev	2	64	30.4	22.4	0.6	25.4	13	12.4	12.4	786.86	39.6
11/30/2020	2	2021	fev	3	65	33	23.4	1.2	26.42	13	13.42	13.42	800.28	40.8
11/30/2020	2	2021	fev	4	66	31	22.2	0	25.44	13	12.44	12.44	812.72	40.8
11/30/2020	2	2021	fev	5	67	34	23.2	0	27.12	13	14.12	14.12	826.84	40.8
11/30/2020	2	2021	fev	6	68	33.8	23	0	26.96	13	13.96	13.96	840.8	40.8
11/30/2020	2	2021	fev	7	69	32.5	23.8	0	26.86	13	13.86	13.86	854.66	40.8
11/30/2020	2	2021	fev	8	70	33.2	24.3	0	26.82	13	13.82	13.82	868.48	40.8
11/30/2020	2	2021	fev	9	71	22.1	22.2	0	23.82	13	10.82	10.82	879.3	40.8
11/30/2020	2	2021	fev	10	72	33.1	21.1	0	25.96	13	12.96	12.96	892.26	40.8
11/30/2020	2	2021	fev	11	73	32	22	0	25.4	13	12.4	12.4	904.66	40.8
11/30/2020	2	2021	fev	12	74	32.1	20.6	0	25.62	13	12.62	12.62	917.28	40.8
11/30/2020	2	2021	fev	13	75	31.7	21.2	0	25.14	13	12.14	12.14	929.42	40.8
11/30/2020	2	2021	fev	14	76	33.1	21.2	0	25.88	13	12.88	12.88	942.3	40.8
11/30/2020	2	2021	fev	15	77	33.7	21.2	0	25.48	13	12.48	12.48	954.78	40.8
11/30/2020	2	2021	fev	16	78	33.8	21.3	0	26.28	13	13.28	13.28	968.06	40.8
11/30/2020	2	2021	fev	17	79	34.8	24.8	0	26.7	13	13.7	13.7	981.76	40.8
11/30/2020	2	2021	fev	18	80	32.9	23	3.8	25.74	13	12.74	12.74	994.5	44.6
11/30/2020	2	2021	fev	19	81	32.7	21.8	10.4	25.94	13	12.94	12.94	1007.44	55
11/30/2020	2	2021	fev	20	82	33.3	23.2	1.2	25.86	13	12.86	12.86	1020.3	56.2
11/30/2020	2	2021	fev	21	83	32.5	22.8	0	26.06	13	13.06	13.06	1033.36	56.2
11/30/2020	2	2021	fev	22	84	32.5	21.7	0	25.74	13	12.74	12.74	1046.1	56.2
11/30/2020	2	2021	fev	23	85	32.7	21.6	0	25.9	13	12.9	12.9	1059	56.2
11/30/2020	2	2021	fev	24	86	32.6	21.5	0	26.26	13	13.26	13.26	1072.26	56.2
11/30/2020	2	2021	fev	25	87	32.1	22.2	0	26.38	13	13.38	13.38	1085.64	56.2
11/30/2020	2	2021	fev	26	88	32.1	21.8	0	25.86	13	12.86	12.86	1098.5	56.2
11/30/2020	2	2021	fev	27	89	29.9	21.8	0	25.22	13	12.22	12.22	1110.72	56.2
11/30/2020	2	2021	fev	28	90	28.6	21.2	0	24.52	13	11.52	11.52	1122.24	56.2
11/30/2020	2	2021	mar	1	91	28	22.2	21.3	23.5	13	10.5	10.5	1132.74	77.5
11/30/2020	2	2021	mar	2	92	30.6	20.4	5.4	24.56	13	11.56	11.56	1144.3	82.9
11/30/2020	2	2021	mar	3	93	28.6	20.9	0	24.36	13	11.36	11.36	1155.66	82.9
11/30/2020	2	2021	mar	4	94	30.6	22.2	0	24.84	13	11.84	11.84	1167.5	82.9
11/30/2020	2	2021	mar	5	95	31.9	21	0	24.9	13	11.9	11.9	1179.4	82.9
11/30/2020	2	2021	mar	6	96	33.7	21.3	0	26.44	13	13.44	13.44	1192.84	82.9
11/30/2020	2	2021	mar	7	97	34.7	22.8	0	26.7	13	13.7	13.7	1206.54	82.9
11/30/2020	2	2021	mar	8	98	32.5	23.6	0	26.22	13	13.22	13.22	1219.76	82.9
11/30/2020	2	2021	mar	9	99	32.6	22.6	0	25.76	13	12.76	12.76	1232.52	82.9
11/30/2020	2	2021	mar	10	100	33.1	20.6	0	25.68	13	12.68	12.68	1245.2	82.9
11/30/2020	2	2021	mar	11	101	32.7	22	0	26.42	13	13.42	13.42	1258.62	82.9
11/30/2020	2	2021	mar	12	102	33	22.5	0	25.38	13	12.38	12.38	1271	82.9
11/30/2020	2	2021	mar	13	103	31.7	20.6	0	24.96	13	11.96	11.96	1282.96	82.9
11/30/2020	2	2021	mar	14	104	31.5	21.2	0.4	24.9	13	11.9	11.9	1294.86	83.3
11/30/2020	2	2021	mar	15	105	32	20	0	25.14	13	12.14	12.14	1307	83.3
11/30/2020	2	2021	mar	16	106	32.1	20.7	0	25.76	13	12.76	12.76	1319.76	83.3
11/30/2020	2	2021	mar	17	107	32.6	22.9	0	26.32	13	13.32	13.32	1333.08	83.3
11/30/2020	2	2021	mar	18	108	31.4	22.2	0	25.68	13	12.68	12.68	1345.76	83.3
11/30/2020	2	2021	mar	19	109	29.9	22.2	3.1	24.98	13	11.98	11.98	1357.74	86.4
11/30/2020	2	2021	mar	20	110	30.5	21.9	6.7	24.74	13	11.74	11.74	1369.48	93.1
11/30/2020	2	2021	mar	21	111	30.6	22.4	3.6	24.84	13	11.84	11.84	1381.32	96.7
11/30/2020	2	2021	mar	22	112	29.2	22	1.6	24.48	13	11.48	11.48	1392.8	98.3
11/30/2020	2	2021	mar	23	113	30.5	20.8	5.3	24.68	13	11.68	11.68	1404.48	103.6
11/30/2020	2	2021	mar	24	114	31	21.2	0	25.06	13	12.06	12.06	1416.54	103.6
11/30/2020	2	2021	mar	25	115	30	20.4	0	24.24	13	11.24	11.24	1427.78	103.6
11/30/2020	2	2021	mar	26	116	30.6	20.5	0.2	24.46	13	11.46	11.46	1439.24	103.8
11/30/2020	2	2021	mar	27	117	30.6	21	0	24.8	13	11.8	11.8	1451.04	103.8
11/30/2020	2	2021	mar	28	118	31.6	19.7	0	24.42	13	11.42	11.42	1462.46	103.8
11/30/2020	2	2021	mar	29	119	33.1	20.7	0	25.36	13	12.36	12.36	1474.82	103.8
11/30/2020	2	2021	mar	30	120	33.7	20.8	0	26	13	13	13	1487.82	103.8
11/30/2020	2	2021	mar	31	121	34.7	23.8	0	26.64	13	13.64	13.64	1501.46	103.8
11/30/2020	2	2021	abr	1	122	33.9	24.7	0	27.28	13	14.28	14.28	1515.74	103.8
11/30/2020	2	2021	abr	2	123	34.5	24.8	0	27.3	13	14.3	14.3	1530.04	103.8
11/30/2020	2	2021	abr	3	124	32.3	23	0	25.86	13	12.86	12.86	1542.9	103.8
11/30/2020	2	2021	abr	4	125	32.6	22.9	0	26.38	13	13.38	13.38	1556.28	103.8
11/30/2020	2	2021	abr	5	126	32	22.2	0	25.46	13	12.46	12.46	1568.74	103.8
11/30/2020	2	2021	abr	6	127	28.6	22.4	3.2	24.24	13	11.24	11.24	1579.98	107
11/30/2020	2	2021	abr	7	128	31.1	21.7	2.8	24.64	13	11.64	11.64	1591.62	109.8
11/30/2020	2	2021	abr	8	129	29.2	21.6	0	24.04	13	11.04	11.04	1602.66	109.8
11/30/2020	2	2021	abr	9	130	28.2	21.5	9.8	23.32	13	10.32	10.32	1612.98	119.6
11/30/2020	2	2021	abr	10	131	24.4	21.6	24.5	22.42	13	9.42	9.42	1622.4	144.1
11/30/2020	2	2021	abr	11	132	27.1	21.4	30.6	23.64	13	10.64	10.64	1633.04	174.7
11/30/2020	2	2021	abr	12	133	29.8	21.1	17.1	23.98	13	10.98	10.98	1644.02	191.8
11/30/2020	2	2021	abr	13	134	31.4	19.6	6	24.6	13	11.6	11.6	1655.62	197.8
11/30/2020	2	2021	abr	14	135	30	20.9	0	24.48	13	11.48	11.48	1667.1	197.8
11/30/2020	2	2021	abr	15	136	27.8	21	0.5	23.2	13	10.2	10.2	1677.3	198.3
11/30/2020	2	2021	abr	16	137	26.8	20.8	17.3	22.66	13	9.66	9.66	1686.96	215.6
11/30/2020	2	2021	abr	17	138	27.1	21.2	1.6	23.84	13	10.84	10.84	1697.8	217.2
11/30/2020	2	2021	abr	18	139	29.6	22.4	0	24.58	13	11.58	11.58	1709.38	217.2
11/30/2020	2	2021	abr	19	140	32.1	22.1	0.2	25.28	13	12.28	12.28	1721.66	217.4
11/30/2020	2	2021	abr	20	141	30.8	23.1	18.9	25.46	13	12.46	12.46	1734.12	236.3
11/30/2020	2	2021	abr	21	142	28.9	22.4	25.6	24.5	13	11.5	11.5	1745.62	261.9
11/30/2020	2	2021	abr	22	143	30	23.2	1	25.2	13	12.2	12.2	1757.82	262.9
11/30/2020	2	2021	abr	23	144	29.4	23.6	1.5	25.24	13	12.24	12.24	1770.06	264.4
11/30/2020	2	2021	abr	24	145	29.3	23.7	8.7	25.02	13	12.02	12.02	1782.08	273.1
11/30/2020	2	2021	abr	25	146	30.8	22.4	4.2	25.46	13	12.46	12.46	1794.54	277.3
11/30/2020	2	2021	abr	26	147	30.4	21.4	0	25.3	13	12.3	12.3	1806.84	277.3
11/30/2020	2	2021	abr	27	148	30.4	19.9	0	24.44	13	11.44	11.44	1818.28	277.3
11/30/2020	2	2021	abr	28	149	30	21.9	0	24.78	13	11.78	11.78	1830.06	277.3
11/30/2020	2	2021	abr	29	150	28.6	22.4	4	23.44	13	10.44	10.44	1840.5	281.3
11/30/2020	2	2021	abr	30	151	28.1	21.8	3	23.22	13	10.22	10.22	1850.72	284.3
11/30/2020	2	2021	mai	1	152	27.2	21.7	5.9	22.86	13	9.86	9.86	1860.58	290.2
11/30/2020	2	2021	mai	2	153	27.1	20.9	1.6	22.98	13	9.98	9.98	1870.56	291.8
11/30/2020	2	2021	mai	3	154	27.3	20.1	1.8	22.9	13	9.9	9.9	1880.46	293.6
11/30/2020	2	2021	mai	4	155	25	21.4	14	22.54	13	9.54	9.54	1890	307.6
11/30/2020	2	2021	mai	5	156	27.5	21	8.7	23.78	13	10.78	10.78	1900.78	316.3
11/30/2020	2	2021	mai	6	157	27.6	20.8	2.2	23.8	13	10.8	10.8	1911.58	318.5
11/30/2020	2	2021	mai	7	158	29.8	21.1	1.8	24	13	11	11	1922.58	320.3
11/30/2020	2	2021	mai	8	159	29	20	0	23.88	13	10.88	10.88	1933.46	320.3
11/30/2020	2	2021	mai	9	160	27.5	21.1	2.1	23.02	13	10.02	10.02	1943.48	322.4
11/30/2020	2	2021	mai	10	161	25	20.7	3.8	22.26	13	9.26	9.26	1952.74	326.2
11/30/2020	2	2021	mai	11	162	26.4	19.6	3.8	21.82	13	8.82	8.82	1961.56	330
11/30/2020	2	2021	mai	12	163	25.4	19.1	0.2	22.06	13	9.06	9.06	1970.62	330.2
11/30/2020	2	2021	mai	13	164	28.8	20.6	0	23.88	13	10.88	10.88	1981.5	330.2
11/30/2020	2	2021	mai	14	165	26.3	21.6	0	23.02	13	10.02	10.02	1991.52	330.2
11/30/2020	2	2021	mai	15	166	26.4	20.5	1.6	22.48	13	9.48	9.48	2001	331.8
11/30/2020	2	2021	mai	16	167	26.2	20.2	0	22.52	13	9.52	9.52	2010.52	331.8
11/30/2020	2	2021	mai	17	168	27.6	19.8	0	23.06	13	10.06	10.06	2020.58	331.8
11/30/2020	2	2021	mai	18	169	28.4	19.4	0	22.68	13	9.68	9.68	2030.26	331.8
11/30/2020	2	2021	mai	19	170	27.6	17.9	0	22	13	9	9	2039.26	331.8
11/30/2020	2	2021	mai	20	171	28.8	18.6	0	22.8	13	9.8	9.8	2049.06	331.8
11/30/2020	2	2021	mai	21	172	29.9	19.4	0	23.22	13	10.22	10.22	2059.28	331.8
11/30/2020	2	2021	mai	22	173	29.3	18.8	0	23.08	13	10.08	10.08	2069.36	331.8
11/30/2020	2	2021	mai	23	174	30.2	19.4	0	24.02	13	11.02	11.02	2080.38	331.8
11/30/2020	2	2021	mai	24	175	30	18.7	0	24	13	11	11	2091.38	331.8
11/30/2020	2	2021	mai	25	176	29.8	19.6	0	23.4	13	10.4	10.4	2101.78	331.8
11/30/2020	2	2021	mai	26	177	28	21.4	3.9	23.24	13	10.24	10.24	2112.02	335.7
11/30/2020	2	2021	mai	27	178	28.4	19.2	0	22.4	13	9.4	9.4	2121.42	335.7
11/30/2020	2	2021	mai	28	179	29.1	17.3	0	22.66	13	9.66	9.66	2131.08	335.7
11/30/2020	2	2021	mai	29	180	28.8	18.4	0	23.04	13	10.04	10.04	2141.12	335.7
11/30/2020	2	2021	mai	30	181	29.4	19.6	0	23.98	13	10.98	10.98	2152.1	335.7
11/30/2020	2	2021	mai	31	182	28.2	20.4	0	23.44	13	10.44	10.44	2162.54	335.7
11/30/2020	2	2021	jun	1	183	27.6	20.7	0.2	23.1	13	10.1	10.1	2172.64	335.9
11/30/2020	2	2021	jun	2	184	25.8	21.5	2.2	22.56	13	9.56	9.56	2182.2	338.1
11/30/2020	2	2021	jun	3	185	28.6	21.2	0.4	23.16	13	10.16	10.16	2192.36	338.5
11/30/2020	2	2021	jun	4	186	27.2	20.4	1.6	23.1	13	10.1	10.1	2202.46	340.1
11/30/2020	2	2021	jun	5	187	27.8	20.4	10	23	13	10	10	2212.46	350.1
11/30/2020	2	2021	jun	6	188	27.2	21	3	22.88	13	9.88	9.88	2222.34	353.1
11/30/2020	2	2021	jun	7	189	27.7	21	6.1	23.12	13	10.12	10.12	2232.46	359.2
11/30/2020	2	2021	jun	8	190	27.6	20.9	0.4	23.28	13	10.28	10.28	2242.74	359.6
11/30/2020	2	2021	jun	9	191	27.9	21.1	0	23.2	13	10.2	10.2	2252.94	359.6
11/30/2020	2	2021	jun	10	192	26.2	20.3	3.4	21.56	13	8.56	8.56	2261.5	363
11/30/2020	2	2021	jun	11	193	28.1	19.7	0.9	22.22	13	9.22	9.22	2270.72	363.9
11/30/2020	2	2021	jun	12	194	29	19.4	0	22.54	13	9.54	9.54	2280.26	363.9
11/30/2020	2	2021	jun	13	195	26.2	19.6	1	22.12	13	9.12	9.12	2289.38	364.9
11/30/2020	2	2021	jun	14	196	24.7	20.7	14.8	22	13	9	9	2298.38	379.7
11/30/2020	2	2021	jun	15	197	25.2	19.9	1.6	21.48	13	8.48	8.48	2306.86	381.3
11/30/2020	2	2021	jun	16	198	27.4	18.4	0.3	22.28	13	9.28	9.28	2316.14	381.6
11/30/2020	2	2021	jun	17	199	27.2	18.8	0	21.94	13	8.94	8.94	2325.08	381.6
11/30/2020	2	2021	jun	18	200	26.9	18.7	0	22.16	13	9.16	9.16	2334.24	381.6
11/30/2020	2	2021	jun	19	201	27.3	19.3	0.9	22.28	13	9.28	9.28	2343.52	382.5
11/30/2020	2	2021	jun	20	202	26.6	20.1	3.7	22.86	13	9.86	9.86	2353.38	386.2
11/30/2020	2	2021	jun	21	203	27.1	20.1	0	23.38	13	10.38	10.38	2363.76	386.2
11/30/2020	2	2021	jun	22	204	24.6	20.6	3.6	22.56	13	9.56	9.56	2373.32	389.8
11/30/2020	2	2021	jun	23	205	26.6	21	13.9	23.28	13	10.28	10.28	2383.6	403.7
11/30/2020	2	2021	jun	24	206	25.5	20.8	0.4	22.06	13	9.06	9.06	2392.66	404.1
11/30/2020	2	2021	jun	25	207	26.4	18.8	0	25.54	13	12.54	12.54	2405.2	404.1
11/30/2020	2	2021	jun	26	208	25.1	17.2	0	20.76	13	7.76	7.76	2412.96	404.1
11/30/2020	2	2021	jun	27	209	26.1	18.7	1.8	21.38	13	8.38	8.38	2421.34	405.9
11/30/2020	2	2021	jun	28	210	24.5	19.5	12	20.84	13	7.84	7.84	2429.18	417.9
11/30/2020	2	2021	jun	29	211	24.2	19.1	5.1	21.48	13	8.48	8.48	2437.66	423
11/30/2020	2	2021	jun	30	212	21.2	18.8	0	21.1	13	8.1	8.1	2445.76	423
11/30/2020	2	2021	jul	1	213	24	20.6	0.3	21.14	13	8.14	8.14	2453.9	423.3
11/30/2020	2	2021	jul	2	214	22.4	19.9	18	20.7	13	7.7	7.7	2461.6	441.3
11/30/2020	2	2021	jul	3	215	25.3	17.5	4.8	21.2	13	8.2	8.2	2469.8	446.1
11/30/2020	2	2021	jul	4	216	24.9	18.8	0	20.94	13	7.94	7.94	2477.74	446.1
11/30/2020	2	2021	jul	5	217	22.6	19.2	2	20.46	13	7.46	7.46	2485.2	448.1
11/30/2020	2	2021	jul	6	218	23	19.8	20	20.82	13	7.82	7.82	2493.02	468.1
11/30/2020	2	2021	jul	7	219	24	19.4	1.5	20.92	13	7.92	7.92	2500.94	469.6
11/30/2020	2	2021	jul	8	220	25	18	0.2	20.96	13	7.96	7.96	2508.9	469.8
11/30/2020	2	2021	jul	9	221	25	19.2	0.8	21.7	13	8.7	8.7	2517.6	470.6
11/30/2020	2	2021	jul	10	222	25.6	19.6	2.4	21.76	13	8.76	8.76	2526.36	473
11/30/2020	2	2021	jul	11	223	25.3	19.6	0	21.84	13	8.84	8.84	2535.2	473
11/30/2020	2	2021	jul	12	224	27.3	18.7	0.4	22.64	13	9.64	9.64	2544.84	473.4
11/30/2020	2	2021	jul	13	225	27	18.4	0	21.6	13	8.6	8.6	2553.44	473.4
11/30/2020	2	2021	jul	14	226	26.9	20.2	9.6	22.24	13	9.24	9.24	2562.68	483
11/30/2020	2	2021	jul	15	227	25.2	20.2	2.7	21.64	13	8.64	8.64	2571.32	485.7
11/30/2020	2	2021	jul	16	228	27.4	17.2	2.4	21.58	13	8.58	8.58	2579.9	488.1
11/30/2020	2	2021	jul	17	229	27.4	16.8	0	22.18	13	9.18	9.18	2589.08	488.1
11/30/2020	2	2021	jul	18	230	25.2	17.8	0	21.24	13	8.24	8.24	2597.32	488.1
11/30/2020	2	2021	jul	19	231	28.4	19.9	0	22.32	13	9.32	9.32	2606.64	488.1
11/30/2020	2	2021	jul	20	232	28	20.8	0	23.16	13	10.16	10.16	2616.8	488.1
11/30/2020	2	2021	jul	21	233	24	20.7	0.2	21.36	13	8.36	8.36	2625.16	488.3
11/30/2020	2	2021	jul	22	234	25.2	19.4	6.4	19.82	13	6.82	6.82	2631.98	494.7
11/30/2020	2	2021	jul	23	235	23.6	19.1	11.3	18.84	13	5.84	5.84	2637.82	506
11/30/2020	2	2021	jul	24	236	22.3	18	14.1	19.56	13	6.56	6.56	2644.38	520.1
11/30/2020	2	2021	jul	25	237	26.4	19.5	28.7	21.34	13	8.34	8.34	2652.72	548.8
11/30/2020	2	2021	jul	26	238	25.8	19.1	6.8	21.3	13	8.3	8.3	2661.02	555.6
11/30/2020	2	2021	jul	27	239	25	18.4	0.4	21.08	13	8.08	8.08	2669.1	556
11/30/2020	2	2021	jul	28	240	28.8	17.8	4.2	22.36	13	9.36	9.36	2678.46	560.2
11/30/2020	2	2021	jul	29	241	28.6	19.1	0.2	22.12	13	9.12	9.12	2687.58	560.4
11/30/2020	2	2021	jul	30	242	27.8	21.1	0	22.34	13	9.34	9.34	2696.92	560.4
11/30/2020	2	2021	jul	31	243	21.4	18.8	13.1	19.58	13	6.58	6.58	2703.5	573.5
11/30/2020	2	2021	ago	1	244	24.2	17.7	17.1	19.98	13	6.98	6.98	2710.48	590.6
11/30/2020	2	2021	ago	2	245	21.4	17.8	10.7	18.42	13	5.42	5.42	2715.9	601.3
11/30/2020	2	2021	ago	3	246	26	18	16.7	20.5	13	7.5	7.5	2723.4	618
11/30/2020	2	2021	ago	4	247	25.6	17.6	0	20.78	13	7.78	7.78	2731.18	618
11/30/2020	2	2021	ago	5	248	25.4	18.4	1.5	20.8	13	7.8	7.8	2738.98	619.5
11/30/2020	2	2021	ago	6	249	26.4	19.1	8.6	20.98	13	7.98	7.98	2746.96	628.1
11/30/2020	2	2021	ago	7	250	23.3	16.5	3	19.86	13	6.86	6.86	2753.82	631.1
11/30/2020	2	2021	ago	8	251	25.8	18	32	21.34	13	8.34	8.34	2762.16	663.1
11/30/2020	2	2021	ago	9	252	25.2	19.3	3	21.554	13	8.554	8.554	2762.16	666.1
11/30/2020	2	2021	ago	10	253	26.8	17.9	0	21.06	13	8.06	8.06	2770.22	666.1
11/30/2020	2	2021	ago	11	254	27.5	17	0	21.42	13	8.42	8.42	2778.64	666.1
11/30/2020	2	2021	ago	12	255	27.4	17.8	0.4	21.42	13	8.42	8.42	2787.06	666.5
11/30/2020	2	2021	ago	13	256	25.9	18.5	2	21.2	13	8.2	8.2	2795.26	668.5
11/30/2020	2	2021	ago	14	257	23.6	18	2.6	20.36	13	7.36	7.36	2802.62	671.1
11/30/2020	2	2021	ago	15	258	26.7	18.8	2.2	21.36	13	8.36	8.36	2810.98	673.3
11/30/2020	2	2021	ago	16	259	26.2	17.1	0.2	21.08	13	8.08	8.08	2819.06	673.5
11/30/2020	2	2021	ago	17	260	26.4	17	0	21.76	13	8.76	8.76	2827.82	673.5
11/30/2020	2	2021	ago	18	261	26	18.8	0.7	21.66	13	8.66	8.66	2836.48	674.2
11/30/2020	2	2021	ago	19	262	26.6	19.4	4.8	21.92	13	8.92	8.92	2845.4	679
11/30/2020	2	2021	ago	20	263	26.9	18.3	0.3	22	13	9	9	2854.4	679.3
11/30/2020	2	2021	ago	21	264	26.6	18.6	2.4	21.34	13	8.34	8.34	2862.74	681.7
11/30/2020	2	2021	ago	22	265	26	19.4	2.4	21.98	13	8.98	8.98	2871.72	684.1
11/30/2020	2	2021	ago	23	266	26.3	19.2	6.2	21.68	13	8.68	8.68	2880.4	690.3
11/30/2020	2	2021	ago	24	267	26.2	18.8	1	21.42	13	8.42	8.42	2888.82	691.3
11/30/2020	2	2021	ago	25	268	25.5	18.3	0	21.22	13	8.22	8.22	2897.04	691.3
11/30/2020	2	2021	ago	26	269	27.8	19.4	3.4	22.3	13	9.3	9.3	2906.34	694.7
11/30/2020	2	2021	ago	27	270	26.2	19.5	0	22.06	13	9.06	9.06	2915.4	694.7
11/30/2020	2	2021	ago	28	271	27.5	20.3	4.4	22.66	13	9.66	9.66	2925.06	699.1
11/30/2020	2	2021	ago	29	272	26.6	20.4	0.5	22.32	13	9.32	9.32	2934.38	699.6
11/30/2020	2	2021	ago	30	273	27.2	19.7	0	22.68	13	9.68	9.68	2944.06	699.6
11/30/2020	2	2021	ago	31	274	27	20.4	0	22.36	13	9.36	9.36	2953.42	699.6
11/30/2020	2	2021	set	1	275	27	20.3	3.8	23	13	10	10	2963.42	703.4
11/30/2020	2	2021	set	2	276	25.8	20	1.5	21.82	13	8.82	8.82	2972.24	704.9
11/30/2020	2	2021	set	3	277	25.2	18.5	1.2	21.98	13	8.98	8.98	2981.22	706.1
11/30/2020	2	2021	set	4	278	24.4	20.7	1.1	22.72	13	9.72	9.72	2990.94	707.2
11/30/2020	2	2021	set	5	279	30.1	21.7	0	24.6	13	11.6	11.6	3002.54	707.2
11/30/2020	2	2021	set	6	280	29.5	21.4	0	24.06	13	11.06	11.06	3013.6	707.2
11/30/2020	2	2021	set	7	281	28.6	21	0	23.28	13	10.28	10.28	3023.88	707.2
11/30/2020	2	2021	set	8	282	28.3	21.1	0	23.62	13	10.62	10.62	3034.5	707.2
11/30/2020	2	2021	set	9	283	24.2	19.4	0	21.76	13	8.76	8.76	3043.26	707.2
11/30/2020	2	2021	set	10	284	28.7	17.9	0	22.62	13	9.62	9.62	3052.88	707.2
11/30/2020	2	2021	set	11	285	29	17.6	0	22.56	13	9.56	9.56	3062.44	707.2
11/30/2020	2	2021	set	12	286	29.2	20.7	0	23.78	13	10.78	10.78	3073.22	707.2
11/30/2020	2	2021	set	13	287	28.4	21.7	2.3	23.6	13	10.6	10.6	3083.82	709.5
11/30/2020	2	2021	set	14	288	29.2	19.8	0	23.32	13	10.32	10.32	3094.14	709.5
11/30/2020	2	2021	set	15	289	29.3	20.2	0	23.6646	13	10.6646	10.6646	3094.14	709.5
11/30/2020	2	2021	set	16	290	29.4	19.2	0	23.08	13	10.08	10.08	3104.22	709.5
11/30/2020	2	2021	set	17	291	28	20.3	0	22.48	13	9.48	9.48	3113.7	709.5
11/30/2020	2	2021	set	18	292	28	17.1	0	22.24	13	9.24	9.24	3122.94	709.5
11/30/2020	2	2021	set	19	293	30	17.8	0	23.16	13	10.16	10.16	3133.1	709.5
11/30/2020	2	2021	set	20	294	29.8	18.6	0	22.76	13	9.76	9.76	3142.86	709.5
11/30/2020	2	2021	set	21	295	30.8	21	2.6	24.06	13	11.06	11.06	3153.92	712.1
11/30/2020	2	2021	set	22	296	32.9	19.5	0	24.5	13	11.5	11.5	3165.42	712.1
11/30/2020	2	2021	set	23	297	24.8	21.8	0	22.96	13	9.96	9.96	3175.38	712.1
11/30/2020	2	2021	set	24	298	25	19.4	4.4	25.26	13	12.26	12.26	3187.64	716.5
11/30/2020	2	2021	set	25	299	26	19.1	1.2	22.32	13	9.32	9.32	3196.96	717.7
11/30/2020	2	2021	set	26	300	26	19.7	1.2	22.48	13	9.48	9.48	3206.44	718.9
11/30/2020	2	2021	set	27	301	29.228	21.6	8.4	23.6856	13	10.6856	10.6856	3217.1256	727.3
11/30/2020	2	2021	set	28	302	28	20.2	0	23.02	13	10.02	10.02	3227.1456	727.3
11/30/2020	2	2021	set	29	303	29.4	20.3	0	23.18	13	10.18	10.18	3237.3256	727.3
11/30/2020	2	2021	set	30	304	30.3	19.5	0	24.52	13	11.52	11.52	3248.8456	727.3
2/9/2021	3	2021	fev	9	1	22.1	22.2	0	23.82	13	10.82	10.82	10.82	0
2/9/2021	3	2021	fev	10	2	33.1	21.1	0	25.96	13	12.96	12.96	23.78	0
2/9/2021	3	2021	fev	11	3	32	22	0	25.4	13	12.4	12.4	36.18	0
2/9/2021	3	2021	fev	12	4	32.1	20.6	0	25.62	13	12.62	12.62	48.8	0
2/9/2021	3	2021	fev	13	5	31.7	21.2	0	25.14	13	12.14	12.14	60.94	0
2/9/2021	3	2021	fev	14	6	33.1	21.2	0	25.88	13	12.88	12.88	73.82	0
2/9/2021	3	2021	fev	15	7	33.7	21.2	0	25.48	13	12.48	12.48	86.3	0
2/9/2021	3	2021	fev	16	8	33.8	21.3	0	26.28	13	13.28	13.28	99.58	0
2/9/2021	3	2021	fev	17	9	34.8	24.8	0	26.7	13	13.7	13.7	113.28	0
2/9/2021	3	2021	fev	18	10	32.9	23	3.8	25.74	13	12.74	12.74	126.02	3.8
2/9/2021	3	2021	fev	19	11	32.7	21.8	10.4	25.94	13	12.94	12.94	138.96	14.2
2/9/2021	3	2021	fev	20	12	33.3	23.2	1.2	25.86	13	12.86	12.86	151.82	15.4
2/9/2021	3	2021	fev	21	13	32.5	22.8	0	26.06	13	13.06	13.06	164.88	15.4
2/9/2021	3	2021	fev	22	14	32.5	21.7	0	25.74	13	12.74	12.74	177.62	15.4
2/9/2021	3	2021	fev	23	15	32.7	21.6	0	25.9	13	12.9	12.9	190.52	15.4
2/9/2021	3	2021	fev	24	16	32.6	21.5	0	26.26	13	13.26	13.26	203.78	15.4
2/9/2021	3	2021	fev	25	17	32.1	22.2	0	26.38	13	13.38	13.38	217.16	15.4
2/9/2021	3	2021	fev	26	18	32.1	21.8	0	25.86	13	12.86	12.86	230.02	15.4
2/9/2021	3	2021	fev	27	19	29.9	21.8	0	25.22	13	12.22	12.22	242.24	15.4
2/9/2021	3	2021	fev	28	20	28.6	21.2	0	24.52	13	11.52	11.52	253.76	15.4
2/9/2021	3	2021	mar	1	21	28	22.2	21.3	23.5	13	10.5	10.5	264.26	36.7
2/9/2021	3	2021	mar	2	22	30.6	20.4	5.4	24.56	13	11.56	11.56	275.82	42.1
2/9/2021	3	2021	mar	3	23	28.6	20.9	0	24.36	13	11.36	11.36	287.18	42.1
2/9/2021	3	2021	mar	4	24	30.6	22.2	0	24.84	13	11.84	11.84	299.02	42.1
2/9/2021	3	2021	mar	5	25	31.9	21	0	24.9	13	11.9	11.9	310.92	42.1
2/9/2021	3	2021	mar	6	26	33.7	21.3	0	26.44	13	13.44	13.44	324.36	42.1
2/9/2021	3	2021	mar	7	27	34.7	22.8	0	26.7	13	13.7	13.7	338.06	42.1
2/9/2021	3	2021	mar	8	28	32.5	23.6	0	26.22	13	13.22	13.22	351.28	42.1
2/9/2021	3	2021	mar	9	29	32.6	22.6	0	25.76	13	12.76	12.76	364.04	42.1
2/9/2021	3	2021	mar	10	30	33.1	20.6	0	25.68	13	12.68	12.68	376.72	42.1
2/9/2021	3	2021	mar	11	31	32.7	22	0	26.42	13	13.42	13.42	390.14	42.1
2/9/2021	3	2021	mar	12	32	33	22.5	0	25.38	13	12.38	12.38	402.52	42.1
2/9/2021	3	2021	mar	13	33	31.7	20.6	0	24.96	13	11.96	11.96	414.48	42.1
2/9/2021	3	2021	mar	14	34	31.5	21.2	0.4	24.9	13	11.9	11.9	426.38	42.5
2/9/2021	3	2021	mar	15	35	32	20	0	25.14	13	12.14	12.14	438.52	42.5
2/9/2021	3	2021	mar	16	36	32.1	20.7	0	25.76	13	12.76	12.76	451.28	42.5
2/9/2021	3	2021	mar	17	37	32.6	22.9	0	26.32	13	13.32	13.32	464.6	42.5
2/9/2021	3	2021	mar	18	38	31.4	22.2	0	25.68	13	12.68	12.68	477.28	42.5
2/9/2021	3	2021	mar	19	39	29.9	22.2	3.1	24.98	13	11.98	11.98	489.26	45.6
2/9/2021	3	2021	mar	20	40	30.5	21.9	6.7	24.74	13	11.74	11.74	501	52.3
2/9/2021	3	2021	mar	21	41	30.6	22.4	3.6	24.84	13	11.84	11.84	512.84	55.9
2/9/2021	3	2021	mar	22	42	29.2	22	1.6	24.48	13	11.48	11.48	524.32	57.5
2/9/2021	3	2021	mar	23	43	30.5	20.8	5.3	24.68	13	11.68	11.68	536	62.8
2/9/2021	3	2021	mar	24	44	31	21.2	0	25.06	13	12.06	12.06	548.06	62.8
2/9/2021	3	2021	mar	25	45	30	20.4	0	24.24	13	11.24	11.24	559.3	62.8
2/9/2021	3	2021	mar	26	46	30.6	20.5	0.2	24.46	13	11.46	11.46	570.76	63
2/9/2021	3	2021	mar	27	47	30.6	21	0	24.8	13	11.8	11.8	582.56	63
2/9/2021	3	2021	mar	28	48	31.6	19.7	0	24.42	13	11.42	11.42	593.98	63
2/9/2021	3	2021	mar	29	49	33.1	20.7	0	25.36	13	12.36	12.36	606.34	63
2/9/2021	3	2021	mar	30	50	33.7	20.8	0	26	13	13	13	619.34	63
2/9/2021	3	2021	mar	31	51	34.7	23.8	0	26.64	13	13.64	13.64	632.98	63
2/9/2021	3	2021	abr	1	52	33.9	24.7	0	27.28	13	14.28	14.28	647.26	63
2/9/2021	3	2021	abr	2	53	34.5	24.8	0	27.3	13	14.3	14.3	661.56	63
2/9/2021	3	2021	abr	3	54	32.3	23	0	25.86	13	12.86	12.86	674.42	63
2/9/2021	3	2021	abr	4	55	32.6	22.9	0	26.38	13	13.38	13.38	687.8	63
2/9/2021	3	2021	abr	5	56	32	22.2	0	25.46	13	12.46	12.46	700.26	63
2/9/2021	3	2021	abr	6	57	28.6	22.4	3.2	24.24	13	11.24	11.24	711.5	66.2
2/9/2021	3	2021	abr	7	58	31.1	21.7	2.8	24.64	13	11.64	11.64	723.14	69
2/9/2021	3	2021	abr	8	59	29.2	21.6	0	24.04	13	11.04	11.04	734.18	69
2/9/2021	3	2021	abr	9	60	28.2	21.5	9.8	23.32	13	10.32	10.32	744.5	78.8
2/9/2021	3	2021	abr	10	61	24.4	21.6	24.5	22.42	13	9.42	9.42	753.92	103.3
2/9/2021	3	2021	abr	11	62	27.1	21.4	30.6	23.64	13	10.64	10.64	764.56	133.9
2/9/2021	3	2021	abr	12	63	29.8	21.1	17.1	23.98	13	10.98	10.98	775.54	151
2/9/2021	3	2021	abr	13	64	31.4	19.6	6	24.6	13	11.6	11.6	787.14	157
2/9/2021	3	2021	abr	14	65	30	20.9	0	24.48	13	11.48	11.48	798.62	157
2/9/2021	3	2021	abr	15	66	27.8	21	0.5	23.2	13	10.2	10.2	808.82	157.5
2/9/2021	3	2021	abr	16	67	26.8	20.8	17.3	22.66	13	9.66	9.66	818.48	174.8
2/9/2021	3	2021	abr	17	68	27.1	21.2	1.6	23.84	13	10.84	10.84	829.32	176.4
2/9/2021	3	2021	abr	18	69	29.6	22.4	0	24.58	13	11.58	11.58	840.9	176.4
2/9/2021	3	2021	abr	19	70	32.1	22.1	0.2	25.28	13	12.28	12.28	853.18	176.6
2/9/2021	3	2021	abr	20	71	30.8	23.1	18.9	25.46	13	12.46	12.46	865.64	195.5
2/9/2021	3	2021	abr	21	72	28.9	22.4	25.6	24.5	13	11.5	11.5	877.14	221.1
2/9/2021	3	2021	abr	22	73	30	23.2	1	25.2	13	12.2	12.2	889.34	222.1
2/9/2021	3	2021	abr	23	74	29.4	23.6	1.5	25.24	13	12.24	12.24	901.58	223.6
2/9/2021	3	2021	abr	24	75	29.3	23.7	8.7	25.02	13	12.02	12.02	913.6	232.3
2/9/2021	3	2021	abr	25	76	30.8	22.4	4.2	25.46	13	12.46	12.46	926.06	236.5
2/9/2021	3	2021	abr	26	77	30.4	21.4	0	25.3	13	12.3	12.3	938.36	236.5
2/9/2021	3	2021	abr	27	78	30.4	19.9	0	24.44	13	11.44	11.44	949.8	236.5
2/9/2021	3	2021	abr	28	79	30	21.9	0	24.78	13	11.78	11.78	961.58	236.5
2/9/2021	3	2021	abr	29	80	28.6	22.4	4	23.44	13	10.44	10.44	972.02	240.5
2/9/2021	3	2021	abr	30	81	28.1	21.8	3	23.22	13	10.22	10.22	982.24	243.5
2/9/2021	3	2021	mai	1	82	27.2	21.7	5.9	22.86	13	9.86	9.86	992.1	249.4
2/9/2021	3	2021	mai	2	83	27.1	20.9	1.6	22.98	13	9.98	9.98	1002.08	251
2/9/2021	3	2021	mai	3	84	27.3	20.1	1.8	22.9	13	9.9	9.9	1011.98	252.8
2/9/2021	3	2021	mai	4	85	25	21.4	14	22.54	13	9.54	9.54	1021.52	266.8
2/9/2021	3	2021	mai	5	86	27.5	21	8.7	23.78	13	10.78	10.78	1032.3	275.5
2/9/2021	3	2021	mai	6	87	27.6	20.8	2.2	23.8	13	10.8	10.8	1043.1	277.7
2/9/2021	3	2021	mai	7	88	29.8	21.1	1.8	24	13	11	11	1054.1	279.5
2/9/2021	3	2021	mai	8	89	29	20	0	23.88	13	10.88	10.88	1064.98	279.5
2/9/2021	3	2021	mai	9	90	27.5	21.1	2.1	23.02	13	10.02	10.02	1075	281.6
2/9/2021	3	2021	mai	10	91	25	20.7	3.8	22.26	13	9.26	9.26	1084.26	285.4
2/9/2021	3	2021	mai	11	92	26.4	19.6	3.8	21.82	13	8.82	8.82	1093.08	289.2
2/9/2021	3	2021	mai	12	93	25.4	19.1	0.2	22.06	13	9.06	9.06	1102.14	289.4
2/9/2021	3	2021	mai	13	94	28.8	20.6	0	23.88	13	10.88	10.88	1113.02	289.4
2/9/2021	3	2021	mai	14	95	26.3	21.6	0	23.02	13	10.02	10.02	1123.04	289.4
2/9/2021	3	2021	mai	15	96	26.4	20.5	1.6	22.48	13	9.48	9.48	1132.52	291
2/9/2021	3	2021	mai	16	97	26.2	20.2	0	22.52	13	9.52	9.52	1142.04	291
2/9/2021	3	2021	mai	17	98	27.6	19.8	0	23.06	13	10.06	10.06	1152.1	291
2/9/2021	3	2021	mai	18	99	28.4	19.4	0	22.68	13	9.68	9.68	1161.78	291
2/9/2021	3	2021	mai	19	100	27.6	17.9	0	22	13	9	9	1170.78	291
2/9/2021	3	2021	mai	20	101	28.8	18.6	0	22.8	13	9.8	9.8	1180.58	291
2/9/2021	3	2021	mai	21	102	29.9	19.4	0	23.22	13	10.22	10.22	1190.8	291
2/9/2021	3	2021	mai	22	103	29.3	18.8	0	23.08	13	10.08	10.08	1200.88	291
2/9/2021	3	2021	mai	23	104	30.2	19.4	0	24.02	13	11.02	11.02	1211.9	291
2/9/2021	3	2021	mai	24	105	30	18.7	0	24	13	11	11	1222.9	291
2/9/2021	3	2021	mai	25	106	29.8	19.6	0	23.4	13	10.4	10.4	1233.3	291
2/9/2021	3	2021	mai	26	107	28	21.4	3.9	23.24	13	10.24	10.24	1243.54	294.9
2/9/2021	3	2021	mai	27	108	28.4	19.2	0	22.4	13	9.4	9.4	1252.94	294.9
2/9/2021	3	2021	mai	28	109	29.1	17.3	0	22.66	13	9.66	9.66	1262.6	294.9
2/9/2021	3	2021	mai	29	110	28.8	18.4	0	23.04	13	10.04	10.04	1272.64	294.9
2/9/2021	3	2021	mai	30	111	29.4	19.6	0	23.98	13	10.98	10.98	1283.62	294.9
2/9/2021	3	2021	mai	31	112	28.2	20.4	0	23.44	13	10.44	10.44	1294.06	294.9
2/9/2021	3	2021	jun	1	113	27.6	20.7	0.2	23.1	13	10.1	10.1	1304.16	295.1
2/9/2021	3	2021	jun	2	114	25.8	21.5	2.2	22.56	13	9.56	9.56	1313.72	297.3
2/9/2021	3	2021	jun	3	115	28.6	21.2	0.4	23.16	13	10.16	10.16	1323.88	297.7
2/9/2021	3	2021	jun	4	116	27.2	20.4	1.6	23.1	13	10.1	10.1	1333.98	299.3
2/9/2021	3	2021	jun	5	117	27.8	20.4	10	23	13	10	10	1343.98	309.3
2/9/2021	3	2021	jun	6	118	27.2	21	3	22.88	13	9.88	9.88	1353.86	312.3
2/9/2021	3	2021	jun	7	119	27.7	21	6.1	23.12	13	10.12	10.12	1363.98	318.4
2/9/2021	3	2021	jun	8	120	27.6	20.9	0.4	23.28	13	10.28	10.28	1374.26	318.8
2/9/2021	3	2021	jun	9	121	27.9	21.1	0	23.2	13	10.2	10.2	1384.46	318.8
2/9/2021	3	2021	jun	10	122	26.2	20.3	3.4	21.56	13	8.56	8.56	1393.02	322.2
2/9/2021	3	2021	jun	11	123	28.1	19.7	0.9	22.22	13	9.22	9.22	1402.24	323.1
2/9/2021	3	2021	jun	12	124	29	19.4	0	22.54	13	9.54	9.54	1411.78	323.1
2/9/2021	3	2021	jun	13	125	26.2	19.6	1	22.12	13	9.12	9.12	1420.9	324.1
2/9/2021	3	2021	jun	14	126	24.7	20.7	14.8	22	13	9	9	1429.9	338.9
2/9/2021	3	2021	jun	15	127	25.2	19.9	1.6	21.48	13	8.48	8.48	1438.38	340.5
2/9/2021	3	2021	jun	16	128	27.4	18.4	0.3	22.28	13	9.28	9.28	1447.66	340.8
2/9/2021	3	2021	jun	17	129	27.2	18.8	0	21.94	13	8.94	8.94	1456.6	340.8
2/9/2021	3	2021	jun	18	130	26.9	18.7	0	22.16	13	9.16	9.16	1465.76	340.8
2/9/2021	3	2021	jun	19	131	27.3	19.3	0.9	22.28	13	9.28	9.28	1475.04	341.7
2/9/2021	3	2021	jun	20	132	26.6	20.1	3.7	22.86	13	9.86	9.86	1484.9	345.4
2/9/2021	3	2021	jun	21	133	27.1	20.1	0	23.38	13	10.38	10.38	1495.28	345.4
2/9/2021	3	2021	jun	22	134	24.6	20.6	3.6	22.56	13	9.56	9.56	1504.84	349
2/9/2021	3	2021	jun	23	135	26.6	21	13.9	23.28	13	10.28	10.28	1515.12	362.9
2/9/2021	3	2021	jun	24	136	25.5	20.8	0.4	22.06	13	9.06	9.06	1524.18	363.3
2/9/2021	3	2021	jun	25	137	26.4	18.8	0	25.54	13	12.54	12.54	1536.72	363.3
2/9/2021	3	2021	jun	26	138	25.1	17.2	0	20.76	13	7.76	7.76	1544.48	363.3
2/9/2021	3	2021	jun	27	139	26.1	18.7	1.8	21.38	13	8.38	8.38	1552.86	365.1
2/9/2021	3	2021	jun	28	140	24.5	19.5	12	20.84	13	7.84	7.84	1560.7	377.1
2/9/2021	3	2021	jun	29	141	24.2	19.1	5.1	21.48	13	8.48	8.48	1569.18	382.2
2/9/2021	3	2021	jun	30	142	21.2	18.8	0	21.1	13	8.1	8.1	1577.28	382.2
2/9/2021	3	2021	jul	1	143	24	20.6	0.3	21.14	13	8.14	8.14	1585.42	382.5
2/9/2021	3	2021	jul	2	144	22.4	19.9	18	20.7	13	7.7	7.7	1593.12	400.5
2/9/2021	3	2021	jul	3	145	25.3	17.5	4.8	21.2	13	8.2	8.2	1601.32	405.3
2/9/2021	3	2021	jul	4	146	24.9	18.8	0	20.94	13	7.94	7.94	1609.26	405.3
2/9/2021	3	2021	jul	5	147	22.6	19.2	2	20.46	13	7.46	7.46	1616.72	407.3
2/9/2021	3	2021	jul	6	148	23	19.8	20	20.82	13	7.82	7.82	1624.54	427.3
2/9/2021	3	2021	jul	7	149	24	19.4	1.5	20.92	13	7.92	7.92	1632.46	428.8
2/9/2021	3	2021	jul	8	150	25	18	0.2	20.96	13	7.96	7.96	1640.42	429
2/9/2021	3	2021	jul	9	151	25	19.2	0.8	21.7	13	8.7	8.7	1649.12	429.8
2/9/2021	3	2021	jul	10	152	25.6	19.6	2.4	21.76	13	8.76	8.76	1657.88	432.2
2/9/2021	3	2021	jul	11	153	25.3	19.6	0	21.84	13	8.84	8.84	1666.72	432.2
2/9/2021	3	2021	jul	12	154	27.3	18.7	0.4	22.64	13	9.64	9.64	1676.36	432.6
2/9/2021	3	2021	jul	13	155	27	18.4	0	21.6	13	8.6	8.6	1684.96	432.6
2/9/2021	3	2021	jul	14	156	26.9	20.2	9.6	22.24	13	9.24	9.24	1694.2	442.2
2/9/2021	3	2021	jul	15	157	25.2	20.2	2.7	21.64	13	8.64	8.64	1702.84	444.9
2/9/2021	3	2021	jul	16	158	27.4	17.2	2.4	21.58	13	8.58	8.58	1711.42	447.3
2/9/2021	3	2021	jul	17	159	27.4	16.8	0	22.18	13	9.18	9.18	1720.6	447.3
2/9/2021	3	2021	jul	18	160	25.2	17.8	0	21.24	13	8.24	8.24	1728.84	447.3
2/9/2021	3	2021	jul	19	161	28.4	19.9	0	22.32	13	9.32	9.32	1738.16	447.3
2/9/2021	3	2021	jul	20	162	28	20.8	0	23.16	13	10.16	10.16	1748.32	447.3
2/9/2021	3	2021	jul	21	163	24	20.7	0.2	21.36	13	8.36	8.36	1756.68	447.5
2/9/2021	3	2021	jul	22	164	25.2	19.4	6.4	19.82	13	6.82	6.82	1763.5	453.9
2/9/2021	3	2021	jul	23	165	23.6	19.1	11.3	18.84	13	5.84	5.84	1769.34	465.2
2/9/2021	3	2021	jul	24	166	22.3	18	14.1	19.56	13	6.56	6.56	1775.9	479.3
2/9/2021	3	2021	jul	25	167	26.4	19.5	28.7	21.34	13	8.34	8.34	1784.24	508
2/9/2021	3	2021	jul	26	168	25.8	19.1	6.8	21.3	13	8.3	8.3	1792.54	514.8
2/9/2021	3	2021	jul	27	169	25	18.4	0.4	21.08	13	8.08	8.08	1800.62	515.2
2/9/2021	3	2021	jul	28	170	28.8	17.8	4.2	22.36	13	9.36	9.36	1809.98	519.4
2/9/2021	3	2021	jul	29	171	28.6	19.1	0.2	22.12	13	9.12	9.12	1819.1	519.6
2/9/2021	3	2021	jul	30	172	27.8	21.1	0	22.34	13	9.34	9.34	1828.44	519.6
2/9/2021	3	2021	jul	31	173	21.4	18.8	13.1	19.58	13	6.58	6.58	1835.02	532.7
2/9/2021	3	2021	ago	1	174	24.2	17.7	17.1	19.98	13	6.98	6.98	1842	549.8
2/9/2021	3	2021	ago	2	175	21.4	17.8	10.7	18.42	13	5.42	5.42	1847.42	560.5
2/9/2021	3	2021	ago	3	176	26	18	16.7	20.5	13	7.5	7.5	1854.92	577.2
2/9/2021	3	2021	ago	4	177	25.6	17.6	0	20.78	13	7.78	7.78	1862.7	577.2
2/9/2021	3	2021	ago	5	178	25.4	18.4	1.5	20.8	13	7.8	7.8	1870.5	578.7
2/9/2021	3	2021	ago	6	179	26.4	19.1	8.6	20.98	13	7.98	7.98	1878.48	587.3
2/9/2021	3	2021	ago	7	180	23.3	16.5	3	19.86	13	6.86	6.86	1885.34	590.3
2/9/2021	3	2021	ago	8	181	25.8	18	32	21.34	13	8.34	8.34	1893.68	622.3
2/9/2021	3	2021	ago	9	182	25.2	19.3	3	21.554	13	8.554	8.554	1902.234	625.3
2/9/2021	3	2021	ago	10	183	26.8	17.9	0	21.06	13	8.06	8.06	1910.294	625.3
2/9/2021	3	2021	ago	11	184	27.5	17	0	21.42	13	8.42	8.42	1918.714	625.3
2/9/2021	3	2021	ago	12	185	27.4	17.8	0.4	21.42	13	8.42	8.42	1927.134	625.7
2/9/2021	3	2021	ago	13	186	25.9	18.5	2	21.2	13	8.2	8.2	1935.334	627.7
2/9/2021	3	2021	ago	14	187	23.6	18	2.6	20.36	13	7.36	7.36	1942.694	630.3
2/9/2021	3	2021	ago	15	188	26.7	18.8	2.2	21.36	13	8.36	8.36	1951.054	632.5
2/9/2021	3	2021	ago	16	189	26.2	17.1	0.2	21.08	13	8.08	8.08	1959.134	632.7
2/9/2021	3	2021	ago	17	190	26.4	17	0	21.76	13	8.76	8.76	1967.894	632.7
2/9/2021	3	2021	ago	18	191	26	18.8	0.7	21.66	13	8.66	8.66	1976.554	633.4
2/9/2021	3	2021	ago	19	192	26.6	19.4	4.8	21.92	13	8.92	8.92	1985.474	638.2
2/9/2021	3	2021	ago	20	193	26.9	18.3	0.3	22	13	9	9	1994.474	638.5
2/9/2021	3	2021	ago	21	194	26.6	18.6	2.4	21.34	13	8.34	8.34	2002.814	640.9
2/9/2021	3	2021	ago	22	195	26	19.4	2.4	21.98	13	8.98	8.98	2011.794	643.3
2/9/2021	3	2021	ago	23	196	26.3	19.2	6.2	21.68	13	8.68	8.68	2020.474	649.5
2/9/2021	3	2021	ago	24	197	26.2	18.8	1	21.42	13	8.42	8.42	2028.894	650.5
2/9/2021	3	2021	ago	25	198	25.5	18.3	0	21.22	13	8.22	8.22	2037.114	650.5
2/9/2021	3	2021	ago	26	199	27.8	19.4	3.4	22.3	13	9.3	9.3	2046.414	653.9
2/9/2021	3	2021	ago	27	200	26.2	19.5	0	22.06	13	9.06	9.06	2055.474	653.9
2/9/2021	3	2021	ago	28	201	27.5	20.3	4.4	22.66	13	9.66	9.66	2065.134	658.3
2/9/2021	3	2021	ago	29	202	26.6	20.4	0.5	22.32	13	9.32	9.32	2074.454	658.8
2/9/2021	3	2021	ago	30	203	27.2	19.7	0	22.68	13	9.68	9.68	2084.134	658.8
2/9/2021	3	2021	ago	31	204	27	20.4	0	22.36	13	9.36	9.36	2093.494	658.8
2/9/2021	3	2021	set	1	205	27	20.3	3.8	23	13	10	10	2103.494	662.6
2/9/2021	3	2021	set	2	206	25.8	20	1.5	21.82	13	8.82	8.82	2112.314	664.1
2/9/2021	3	2021	set	3	207	25.2	18.5	1.2	21.98	13	8.98	8.98	2121.294	665.3
2/9/2021	3	2021	set	4	208	24.4	20.7	1.1	22.72	13	9.72	9.72	2131.014	666.4
2/9/2021	3	2021	set	5	209	30.1	21.7	0	24.6	13	11.6	11.6	2142.614	666.4
2/9/2021	3	2021	set	6	210	29.5	21.4	0	24.06	13	11.06	11.06	2153.674	666.4
2/9/2021	3	2021	set	7	211	28.6	21	0	23.28	13	10.28	10.28	2163.954	666.4
2/9/2021	3	2021	set	8	212	28.3	21.1	0	23.62	13	10.62	10.62	2174.574	666.4
2/9/2021	3	2021	set	9	213	24.2	19.4	0	21.76	13	8.76	8.76	2183.334	666.4
2/9/2021	3	2021	set	10	214	28.7	17.9	0	22.62	13	9.62	9.62	2192.954	666.4
2/9/2021	3	2021	set	11	215	29	17.6	0	22.56	13	9.56	9.56	2202.514	666.4
2/9/2021	3	2021	set	12	216	29.2	20.7	0	23.78	13	10.78	10.78	2213.294	666.4
2/9/2021	3	2021	set	13	217	28.4	21.7	2.3	23.6	13	10.6	10.6	2223.894	668.7
2/9/2021	3	2021	set	14	218	29.2	19.8	0	23.32	13	10.32	10.32	2234.214	668.7
2/9/2021	3	2021	set	15	219	29.3	20.2	0	23.6646	13	10.6646	10.6646	2244.8786	668.7
2/9/2021	3	2021	set	16	220	29.4	19.2	0	23.08	13	10.08	10.08	2254.9586	668.7
2/9/2021	3	2021	set	17	221	28	20.3	0	22.48	13	9.48	9.48	2264.4386	668.7
2/9/2021	3	2021	set	18	222	28	17.1	0	22.24	13	9.24	9.24	2273.6786	668.7
2/9/2021	3	2021	set	19	223	30	17.8	0	23.16	13	10.16	10.16	2283.8386	668.7
2/9/2021	3	2021	set	20	224	29.8	18.6	0	22.76	13	9.76	9.76	2293.5986	668.7
2/9/2021	3	2021	set	21	225	30.8	21	2.6	24.06	13	11.06	11.06	2304.6586	671.3
2/9/2021	3	2021	set	22	226	32.9	19.5	0	24.5	13	11.5	11.5	2316.1586	671.3
2/9/2021	3	2021	set	23	227	24.8	21.8	0	22.96	13	9.96	9.96	2326.1186	671.3
2/9/2021	3	2021	set	24	228	25	19.4	4.4	25.26	13	12.26	12.26	2338.3786	675.7
2/9/2021	3	2021	set	25	229	26	19.1	1.2	22.32	13	9.32	9.32	2347.6986	676.9
2/9/2021	3	2021	set	26	230	26	19.7	1.2	22.48	13	9.48	9.48	2357.1786	678.1
2/9/2021	3	2021	set	27	231	29.228	21.6	8.4	23.6856	13	10.6856	10.6856	2367.8642	686.5
2/9/2021	3	2021	set	28	232	28	20.2	0	23.02	13	10.02	10.02	2377.8842	686.5
2/9/2021	3	2021	set	29	233	29.4	20.3	0	23.18	13	10.18	10.18	2388.0642	686.5
2/9/2021	3	2021	set	30	234	30.3	19.5	0	24.52	13	11.52	11.52	2399.5842	686.5
2/9/2021	3	2021	out	1	235	31.8	22	0	25.52	13	12.52	12.52	2412.1042	686.5
2/9/2021	3	2021	out	2	236	31	21.6	0	24.52	13	11.52	11.52	2423.6242	686.5
2/9/2021	3	2021	out	3	237	30.7	22.2	0	24.18	13	11.18	11.18	2434.8042	686.5
2/9/2021	3	2021	out	4	238	30.8	21	0	24.66	13	11.66	11.66	2446.4642	686.5
2/9/2021	3	2021	out	5	239	31.4	18.8	0	23.96	13	10.96	10.96	2457.4242	686.5
2/9/2021	3	2021	out	6	240	30.6	20.2	0.6	24	13	11	11	2468.4242	687.1
2/9/2021	3	2021	out	7	241	31	20.2	0	24.16	13	11.16	11.16	2479.5842	687.1
2/9/2021	3	2021	out	8	242	29.9	20.2	0	23.84	13	10.84	10.84	2490.4242	687.1
2/9/2021	3	2021	out	9	243	31	20	0	24.8	13	11.8	11.8	2502.2242	687.1
2/9/2021	3	2021	out	10	244	31.3	20.3	0	24.34	13	11.34	11.34	2513.5642	687.1
2/9/2021	3	2021	out	11	245	32.5	20.4	0	24.84	13	11.84	11.84	2525.4042	687.1
2/9/2021	3	2021	out	12	246	32	23.3	0	25.92	13	12.92	12.92	2538.3242	687.1
2/9/2021	3	2021	out	13	247	31	23	0	25.52	13	12.52	12.52	2550.8442	687.1
2/9/2021	3	2021	out	14	248	32.3	22.4	0	25.94	13	12.94	12.94	2563.7842	687.1
2/9/2021	3	2021	out	15	249	31.9	23.2	0.2	25.72	13	12.72	12.72	2576.5042	687.3
2/9/2021	3	2021	out	16	250	30.8	22.4	0	25.28	13	12.28	12.28	2588.7842	687.3
2/9/2021	3	2021	out	17	251	31.3	20.6	0	24.84	13	11.84	11.84	2600.6242	687.3
2/9/2021	3	2021	out	18	252	32	20.7	0	25.58	13	12.58	12.58	2613.2042	687.3
2/9/2021	3	2021	out	19	253	32.1	21.2	0	25.92	13	12.92	12.92	2626.1242	687.3
2/9/2021	3	2021	out	20	254	32.1	22.4	0	26.22	13	13.22	13.22	2639.3442	687.3
2/9/2021	3	2021	out	21	255	33.9	23.4	0	25.94	13	12.94	12.94	2652.2842	687.3
2/9/2021	3	2021	out	22	256	30.8	22.6	0	25.16	13	12.16	12.16	2664.4442	687.3
2/9/2021	3	2021	out	23	257	29.5	23.5	0.7	25.38	13	12.38	12.38	2676.8242	688
2/9/2021	3	2021	out	24	258	31.4	23.4	5.5	25.58	13	12.58	12.58	2689.4042	693.5
2/9/2021	3	2021	out	25	259	31	23.8	0	24.92	13	11.92	11.92	2701.3242	693.5
2/9/2021	3	2021	out	26	260	30.4	21.2	7.6	24.2	13	11.2	11.2	2712.5242	701.1
2/9/2021	3	2021	out	27	261	27	21.4	4.4	23.32	13	10.32	10.32	2722.8442	705.5
2/9/2021	3	2021	out	28	262	27.2	21.6	7.5	23.36	13	10.36	10.36	2733.2042	713
2/9/2021	3	2021	out	29	263	28.5	21.2	19.8	22.66	13	9.66	9.66	2742.8642	732.8
2/9/2021	3	2021	out	30	264	28	20.1	2.4	22.94	13	9.94	9.94	2752.8042	735.2
2/9/2021	3	2021	out	31	265	30.3	20.6	1.3	24.46	13	11.46	11.46	2764.2642	736.5
2/9/2021	3	2021	nov	1	266	31.5	21.1	0	25.14	13	12.14	12.14	2776.4042	736.5
2/9/2021	3	2021	nov	2	267	33	23	0	26.82	13	13.82	13.82	2790.2242	736.5
2/9/2021	3	2021	nov	3	268	28.7	21.6	48	25.1	13	12.1	12.1	2802.3242	784.5
2/9/2021	3	2021	nov	4	269	30.9	23.8	2.4	25.78	13	12.78	12.78	2815.1042	786.9
2/9/2021	3	2021	nov	5	270	31.3	21.2	90	23.94	13	10.94	10.94	2826.0442	876.9
2/9/2021	3	2021	nov	6	271	28.6	23.2	33	24.48	13	11.48	11.48	2837.5242	909.9
2/9/2021	3	2021	nov	7	272	30.1	22.4	33.2	25.7	13	12.7	12.7	2850.2242	943.1
2/9/2021	3	2021	nov	8	273	29.7	22.6	0.7	24.74	13	11.74	11.74	2861.9642	943.8
2/9/2021	3	2021	nov	9	274	31.9	23	0	25.9	13	12.9	12.9	2874.8642	943.8
2/9/2021	3	2021	nov	10	275	31	22.2	0	25.24	13	12.24	12.24	2887.1042	943.8
2/9/2021	3	2021	nov	11	276	31.3	22.2	0	25.5	13	12.5	12.5	2899.6042	943.8
2/9/2021	3	2021	nov	12	277	31.5	22	0	25.74	13	12.74	12.74	2912.3442	943.8
2/9/2021	3	2021	nov	13	278	29.2	22.2	0	24.68	13	11.68	11.68	2924.0242	943.8
2/9/2021	3	2021	nov	14	279	24.8	20.9	0	22.3	13	9.3	9.3	2933.3242	943.8
2/9/2021	3	2021	nov	15	280	23.9	20.9	4.6	22.22	13	9.22	9.22	2942.5442	948.4
2/9/2021	3	2021	nov	16	281	23.4	21	27.1	21.94	13	8.94	8.94	2951.4842	975.5
2/9/2021	3	2021	nov	17	282	28.9	20.9	3.9	24.34	13	11.34	11.34	2962.8242	979.4
2/9/2021	3	2021	nov	18	283	29.8	22.6	1.2	24.92	13	11.92	11.92	2974.7442	980.6
2/9/2021	3	2021	nov	19	284	32	21.1	0	26.1	13	13.1	13.1	2987.8442	980.6
2/9/2021	3	2021	nov	20	285	31.9	22.4	0	25.8	13	12.8	12.8	3000.6442	980.6
2/9/2021	3	2021	nov	21	286	32.5	22	0	26.3	13	13.3	13.3	3013.9442	980.6
2/9/2021	3	2021	nov	22	287	31.3	23.7	0	25.42	13	12.42	12.42	3026.3642	980.6
2/9/2021	3	2021	nov	23	288	29	23	0	24.84	13	11.84	11.84	3038.2042	980.6
2/9/2021	3	2021	nov	24	289	28.5	22.6	1.1	24.56	13	11.56	11.56	3049.7642	981.7
2/9/2021	3	2021	nov	25	290	29.9	23.3	0	25.32	13	12.32	12.32	3062.0842	981.7
2/9/2021	3	2021	nov	26	291	29.4	21.2	0	24.28	13	11.28	11.28	3073.3642	981.7
2/9/2021	3	2021	nov	27	292	31.6	20.6	0	25.64	13	12.64	12.64	3086.0042	981.7
2/9/2021	3	2021	nov	28	293	25.6	22.5	22.3	23.78	13	10.78	10.78	3096.7842	1004
2/9/2021	3	2021	nov	29	294	30.7	23.3	0	25.1	13	12.1	12.1	3108.8842	1004
2/9/2021	3	2021	nov	30	295	30	23.4	1.6	25.12	13	12.12	12.12	3121.0042	1005.6
2/9/2021	3	2021	dez	1	296	31.2	23.4	4.8	26.16	13	13.16	13.16	3134.1642	1010.4
2/9/2021	3	2021	dez	2	297	30.1	23.5	0	25.96	13	12.96	12.96	3147.1242	1010.4
2/9/2021	3	2021	dez	3	298	30.1	25.3	0	26.16	13	13.16	13.16	3160.2842	1010.4
2/9/2021	3	2021	dez	4	299	28.7	21.9	29.2	23.78	13	10.78	10.78	3171.0642	1039.6
2/9/2021	3	2021	dez	5	300	27.6	21.6	1.7	23.72	13	10.72	10.72	3181.7842	1041.3
2/9/2021	3	2021	dez	6	301	30.7	22.6	0	25.24	13	12.24	12.24	3194.0242	1041.3
2/9/2021	3	2021	dez	7	302	30.8	23	0	25.44	13	12.44	12.44	3206.4642	1041.3
2/9/2021	3	2021	dez	8	303	31	23.5	1.8	25.74	13	12.74	12.74	3219.2042	1043.1
5/15/2021	4	2021	mai	15	1	26.4	20.5	1.6	22.48	13	9.48	9.48	9.48	1.6
5/15/2021	4	2021	mai	16	2	26.2	20.2	0	22.52	13	9.52	9.52	19	1.6
5/15/2021	4	2021	mai	17	3	27.6	19.8	0	23.06	13	10.06	10.06	29.06	1.6
5/15/2021	4	2021	mai	18	4	28.4	19.4	0	22.68	13	9.68	9.68	38.74	1.6
5/15/2021	4	2021	mai	19	5	27.6	17.9	0	22	13	9	9	47.74	1.6
5/15/2021	4	2021	mai	20	6	28.8	18.6	0	22.8	13	9.8	9.8	57.54	1.6
5/15/2021	4	2021	mai	21	7	29.9	19.4	0	23.22	13	10.22	10.22	67.76	1.6
5/15/2021	4	2021	mai	22	8	29.3	18.8	0	23.08	13	10.08	10.08	77.84	1.6
5/15/2021	4	2021	mai	23	9	30.2	19.4	0	24.02	13	11.02	11.02	88.86	1.6
5/15/2021	4	2021	mai	24	10	30	18.7	0	24	13	11	11	99.86	1.6
5/15/2021	4	2021	mai	25	11	29.8	19.6	0	23.4	13	10.4	10.4	110.26	1.6
5/15/2021	4	2021	mai	26	12	28	21.4	3.9	23.24	13	10.24	10.24	120.5	5.5
5/15/2021	4	2021	mai	27	13	28.4	19.2	0	22.4	13	9.4	9.4	129.9	5.5
5/15/2021	4	2021	mai	28	14	29.1	17.3	0	22.66	13	9.66	9.66	139.56	5.5
5/15/2021	4	2021	mai	29	15	28.8	18.4	0	23.04	13	10.04	10.04	149.6	5.5
5/15/2021	4	2021	mai	30	16	29.4	19.6	0	23.98	13	10.98	10.98	160.58	5.5
5/15/2021	4	2021	mai	31	17	28.2	20.4	0	23.44	13	10.44	10.44	171.02	5.5
5/15/2021	4	2021	jun	1	18	27.6	20.7	0.2	23.1	13	10.1	10.1	181.12	5.7
5/15/2021	4	2021	jun	2	19	25.8	21.5	2.2	22.56	13	9.56	9.56	190.68	7.9
5/15/2021	4	2021	jun	3	20	28.6	21.2	0.4	23.16	13	10.16	10.16	200.84	8.3
5/15/2021	4	2021	jun	4	21	27.2	20.4	1.6	23.1	13	10.1	10.1	210.94	9.9
5/15/2021	4	2021	jun	5	22	27.8	20.4	10	23	13	10	10	220.94	19.9
5/15/2021	4	2021	jun	6	23	27.2	21	3	22.88	13	9.88	9.88	230.82	22.9
5/15/2021	4	2021	jun	7	24	27.7	21	6.1	23.12	13	10.12	10.12	240.94	29
5/15/2021	4	2021	jun	8	25	27.6	20.9	0.4	23.28	13	10.28	10.28	251.22	29.4
5/15/2021	4	2021	jun	9	26	27.9	21.1	0	23.2	13	10.2	10.2	261.42	29.4
5/15/2021	4	2021	jun	10	27	26.2	20.3	3.4	21.56	13	8.56	8.56	269.98	32.8
5/15/2021	4	2021	jun	11	28	28.1	19.7	0.9	22.22	13	9.22	9.22	279.2	33.7
5/15/2021	4	2021	jun	12	29	29	19.4	0	22.54	13	9.54	9.54	288.74	33.7
5/15/2021	4	2021	jun	13	30	26.2	19.6	1	22.12	13	9.12	9.12	297.86	34.7
5/15/2021	4	2021	jun	14	31	24.7	20.7	14.8	22	13	9	9	306.86	49.5
5/15/2021	4	2021	jun	15	32	25.2	19.9	1.6	21.48	13	8.48	8.48	315.34	51.1
5/15/2021	4	2021	jun	16	33	27.4	18.4	0.3	22.28	13	9.28	9.28	324.62	51.4
5/15/2021	4	2021	jun	17	34	27.2	18.8	0	21.94	13	8.94	8.94	333.56	51.4
5/15/2021	4	2021	jun	18	35	26.9	18.7	0	22.16	13	9.16	9.16	342.72	51.4
5/15/2021	4	2021	jun	19	36	27.3	19.3	0.9	22.28	13	9.28	9.28	352	52.3
5/15/2021	4	2021	jun	20	37	26.6	20.1	3.7	22.86	13	9.86	9.86	361.86	56
5/15/2021	4	2021	jun	21	38	27.1	20.1	0	23.38	13	10.38	10.38	372.24	56
5/15/2021	4	2021	jun	22	39	24.6	20.6	3.6	22.56	13	9.56	9.56	381.8	59.6
5/15/2021	4	2021	jun	23	40	26.6	21	13.9	23.28	13	10.28	10.28	392.08	73.5
5/15/2021	4	2021	jun	24	41	25.5	20.8	0.4	22.06	13	9.06	9.06	401.14	73.9
5/15/2021	4	2021	jun	25	42	26.4	18.8	0	25.54	13	12.54	12.54	413.68	73.9
5/15/2021	4	2021	jun	26	43	25.1	17.2	0	20.76	13	7.76	7.76	421.44	73.9
5/15/2021	4	2021	jun	27	44	26.1	18.7	1.8	21.38	13	8.38	8.38	429.82	75.7
5/15/2021	4	2021	jun	28	45	24.5	19.5	12	20.84	13	7.84	7.84	437.66	87.7
5/15/2021	4	2021	jun	29	46	24.2	19.1	5.1	21.48	13	8.48	8.48	446.14	92.8
5/15/2021	4	2021	jun	30	47	21.2	18.8	0	21.1	13	8.1	8.1	454.24	92.8
5/15/2021	4	2021	jul	1	48	24	20.6	0.3	21.14	13	8.14	8.14	462.38	93.1
5/15/2021	4	2021	jul	2	49	22.4	19.9	18	20.7	13	7.7	7.7	470.08	111.1
5/15/2021	4	2021	jul	3	50	25.3	17.5	4.8	21.2	13	8.2	8.2	478.28	115.9
5/15/2021	4	2021	jul	4	51	24.9	18.8	0	20.94	13	7.94	7.94	486.22	115.9
5/15/2021	4	2021	jul	5	52	22.6	19.2	2	20.46	13	7.46	7.46	493.68	117.9
5/15/2021	4	2021	jul	6	53	23	19.8	20	20.82	13	7.82	7.82	501.5	137.9
5/15/2021	4	2021	jul	7	54	24	19.4	1.5	20.92	13	7.92	7.92	509.42	139.4
5/15/2021	4	2021	jul	8	55	25	18	0.2	20.96	13	7.96	7.96	517.38	139.6
5/15/2021	4	2021	jul	9	56	25	19.2	0.8	21.7	13	8.7	8.7	526.08	140.4
5/15/2021	4	2021	jul	10	57	25.6	19.6	2.4	21.76	13	8.76	8.76	534.84	142.8
5/15/2021	4	2021	jul	11	58	25.3	19.6	0	21.84	13	8.84	8.84	543.68	142.8
5/15/2021	4	2021	jul	12	59	27.3	18.7	0.4	22.64	13	9.64	9.64	553.32	143.2
5/15/2021	4	2021	jul	13	60	27	18.4	0	21.6	13	8.6	8.6	561.92	143.2
5/15/2021	4	2021	jul	14	61	26.9	20.2	9.6	22.24	13	9.24	9.24	571.16	152.8
5/15/2021	4	2021	jul	15	62	25.2	20.2	2.7	21.64	13	8.64	8.64	579.8	155.5
5/15/2021	4	2021	jul	16	63	27.4	17.2	2.4	21.58	13	8.58	8.58	588.38	157.9
5/15/2021	4	2021	jul	17	64	27.4	16.8	0	22.18	13	9.18	9.18	597.56	157.9
5/15/2021	4	2021	jul	18	65	25.2	17.8	0	21.24	13	8.24	8.24	605.8	157.9
5/15/2021	4	2021	jul	19	66	28.4	19.9	0	22.32	13	9.32	9.32	615.12	157.9
5/15/2021	4	2021	jul	20	67	28	20.8	0	23.16	13	10.16	10.16	625.28	157.9
5/15/2021	4	2021	jul	21	68	24	20.7	0.2	21.36	13	8.36	8.36	633.64	158.1
5/15/2021	4	2021	jul	22	69	25.2	19.4	6.4	19.82	13	6.82	6.82	640.46	164.5
5/15/2021	4	2021	jul	23	70	23.6	19.1	11.3	18.84	13	5.84	5.84	646.3	175.8
5/15/2021	4	2021	jul	24	71	22.3	18	14.1	19.56	13	6.56	6.56	652.86	189.9
5/15/2021	4	2021	jul	25	72	26.4	19.5	28.7	21.34	13	8.34	8.34	661.2	218.6
5/15/2021	4	2021	jul	26	73	25.8	19.1	6.8	21.3	13	8.3	8.3	669.5	225.4
5/15/2021	4	2021	jul	27	74	25	18.4	0.4	21.08	13	8.08	8.08	677.58	225.8
5/15/2021	4	2021	jul	28	75	28.8	17.8	4.2	22.36	13	9.36	9.36	686.94	230
5/15/2021	4	2021	jul	29	76	28.6	19.1	0.2	22.12	13	9.12	9.12	696.06	230.2
5/15/2021	4	2021	jul	30	77	27.8	21.1	0	22.34	13	9.34	9.34	705.4	230.2
5/15/2021	4	2021	jul	31	78	21.4	18.8	13.1	19.58	13	6.58	6.58	711.98	243.3
5/15/2021	4	2021	ago	1	79	24.2	17.7	17.1	19.98	13	6.98	6.98	718.96	260.4
5/15/2021	4	2021	ago	2	80	21.4	17.8	10.7	18.42	13	5.42	5.42	724.38	271.1
5/15/2021	4	2021	ago	3	81	26	18	16.7	20.5	13	7.5	7.5	731.88	287.8
5/15/2021	4	2021	ago	4	82	25.6	17.6	0	20.78	13	7.78	7.78	739.66	287.8
5/15/2021	4	2021	ago	5	83	25.4	18.4	1.5	20.8	13	7.8	7.8	747.46	289.3
5/15/2021	4	2021	ago	6	84	26.4	19.1	8.6	20.98	13	7.98	7.98	755.44	297.9
5/15/2021	4	2021	ago	7	85	23.3	16.5	3	19.86	13	6.86	6.86	762.3	300.9
5/15/2021	4	2021	ago	8	86	25.8	18	32	21.34	13	8.34	8.34	770.64	332.9
5/15/2021	4	2021	ago	9	87	25.2	19.3	3	21.554	13	8.554	8.554	779.194	335.9
5/15/2021	4	2021	ago	10	88	26.8	17.9	0	21.06	13	8.06	8.06	787.254	335.9
5/15/2021	4	2021	ago	11	89	27.5	17	0	21.42	13	8.42	8.42	795.674	335.9
5/15/2021	4	2021	ago	12	90	27.4	17.8	0.4	21.42	13	8.42	8.42	804.094	336.3
5/15/2021	4	2021	ago	13	91	25.9	18.5	2	21.2	13	8.2	8.2	812.294	338.3
5/15/2021	4	2021	ago	14	92	23.6	18	2.6	20.36	13	7.36	7.36	819.654	340.9
5/15/2021	4	2021	ago	15	93	26.7	18.8	2.2	21.36	13	8.36	8.36	828.014	343.1
5/15/2021	4	2021	ago	16	94	26.2	17.1	0.2	21.08	13	8.08	8.08	836.094	343.3
5/15/2021	4	2021	ago	17	95	26.4	17	0	21.76	13	8.76	8.76	844.854	343.3
5/15/2021	4	2021	ago	18	96	26	18.8	0.7	21.66	13	8.66	8.66	853.514	344
5/15/2021	4	2021	ago	19	97	26.6	19.4	4.8	21.92	13	8.92	8.92	862.434	348.8
5/15/2021	4	2021	ago	20	98	26.9	18.3	0.3	22	13	9	9	871.434	349.1
5/15/2021	4	2021	ago	21	99	26.6	18.6	2.4	21.34	13	8.34	8.34	879.774	351.5
5/15/2021	4	2021	ago	22	100	26	19.4	2.4	21.98	13	8.98	8.98	888.754	353.9
5/15/2021	4	2021	ago	23	101	26.3	19.2	6.2	21.68	13	8.68	8.68	897.434	360.1
5/15/2021	4	2021	ago	24	102	26.2	18.8	1	21.42	13	8.42	8.42	905.854	361.1
5/15/2021	4	2021	ago	25	103	25.5	18.3	0	21.22	13	8.22	8.22	914.074	361.1
5/15/2021	4	2021	ago	26	104	27.8	19.4	3.4	22.3	13	9.3	9.3	923.374	364.5
5/15/2021	4	2021	ago	27	105	26.2	19.5	0	22.06	13	9.06	9.06	932.434	364.5
5/15/2021	4	2021	ago	28	106	27.5	20.3	4.4	22.66	13	9.66	9.66	942.094	368.9
5/15/2021	4	2021	ago	29	107	26.6	20.4	0.5	22.32	13	9.32	9.32	951.414	369.4
5/15/2021	4	2021	ago	30	108	27.2	19.7	0	22.68	13	9.68	9.68	961.094	369.4
5/15/2021	4	2021	ago	31	109	27	20.4	0	22.36	13	9.36	9.36	970.454	369.4
5/15/2021	4	2021	set	1	110	27	20.3	3.8	23	13	10	10	980.454	373.2
5/15/2021	4	2021	set	2	111	25.8	20	1.5	21.82	13	8.82	8.82	989.274	374.7
5/15/2021	4	2021	set	3	112	25.2	18.5	1.2	21.98	13	8.98	8.98	998.254	375.9
5/15/2021	4	2021	set	4	113	24.4	20.7	1.1	22.72	13	9.72	9.72	1007.974	377
5/15/2021	4	2021	set	5	114	30.1	21.7	0	24.6	13	11.6	11.6	1019.574	377
5/15/2021	4	2021	set	6	115	29.5	21.4	0	24.06	13	11.06	11.06	1030.634	377
5/15/2021	4	2021	set	7	116	28.6	21	0	23.28	13	10.28	10.28	1040.914	377
5/15/2021	4	2021	set	8	117	28.3	21.1	0	23.62	13	10.62	10.62	1051.534	377
5/15/2021	4	2021	set	9	118	24.2	19.4	0	21.76	13	8.76	8.76	1060.294	377
5/15/2021	4	2021	set	10	119	28.7	17.9	0	22.62	13	9.62	9.62	1069.914	377
5/15/2021	4	2021	set	11	120	29	17.6	0	22.56	13	9.56	9.56	1079.474	377
5/15/2021	4	2021	set	12	121	29.2	20.7	0	23.78	13	10.78	10.78	1090.254	377
5/15/2021	4	2021	set	13	122	28.4	21.7	2.3	23.6	13	10.6	10.6	1100.854	379.3
5/15/2021	4	2021	set	14	123	29.2	19.8	0	23.32	13	10.32	10.32	1111.174	379.3
5/15/2021	4	2021	set	15	124	29.3	20.2	0	23.6646	13	10.6646	10.66	1121.834	379.3
5/15/2021	4	2021	set	16	125	29.4	19.2	0	23.08	13	10.08	10.08	1131.914	379.3
5/15/2021	4	2021	set	17	126	28	20.3	0	22.48	13	9.48	9.48	1141.394	379.3
5/15/2021	4	2021	set	18	127	28	17.1	0	22.24	13	9.24	9.24	1150.634	379.3
5/15/2021	4	2021	set	19	128	30	17.8	0	23.16	13	10.16	10.16	1160.794	379.3
5/15/2021	4	2021	set	20	129	29.8	18.6	0	22.76	13	9.76	9.76	1170.554	379.3
5/15/2021	4	2021	set	21	130	30.8	21	2.6	24.06	13	11.06	11.06	1181.614	381.9
5/15/2021	4	2021	set	22	131	32.9	19.5	0	24.5	13	11.5	11.5	1193.114	381.9
5/15/2021	4	2021	set	23	132	24.8	21.8	0	22.96	13	9.96	9.96	1203.074	381.9
5/15/2021	4	2021	set	24	133	25	19.4	4.4	25.26	13	12.26	12.26	1215.334	386.3
5/15/2021	4	2021	set	25	134	26	19.1	1.2	22.32	13	9.32	9.32	1224.654	387.5
5/15/2021	4	2021	set	26	135	26	19.7	1.2	22.48	13	9.48	9.48	1234.134	388.7
5/15/2021	4	2021	set	27	136	29.228	21.6	8.4	23.6856	13	10.6856	10.68	1244.814	397.1
5/15/2021	4	2021	set	28	137	28	20.2	0	23.02	13	10.02	10.02	1254.834	397.1
5/15/2021	4	2021	set	29	138	29.4	20.3	0	23.18	13	10.18	10.18	1265.014	397.1
5/15/2021	4	2021	set	30	139	30.3	19.5	0	24.52	13	11.52	11.52	1276.534	397.1
5/15/2021	4	2021	out	1	140	31.8	22	0	25.52	13	12.52	12.52	1289.054	397.1
5/15/2021	4	2021	out	2	141	31	21.6	0	24.52	13	11.52	11.52	1300.574	397.1
5/15/2021	4	2021	out	3	142	30.7	22.2	0	24.18	13	11.18	11.18	1311.754	397.1
5/15/2021	4	2021	out	4	143	30.8	21	0	24.66	13	11.66	11.66	1323.414	397.1
5/15/2021	4	2021	out	5	144	31.4	18.8	0	23.96	13	10.96	10.96	1334.374	397.1
5/15/2021	4	2021	out	6	145	30.6	20.2	0.6	24	13	11	11	1345.374	397.7
5/15/2021	4	2021	out	7	146	31	20.2	0	24.16	13	11.16	11.16	1356.534	397.7
5/15/2021	4	2021	out	8	147	29.9	20.2	0	23.84	13	10.84	10.84	1367.374	397.7
5/15/2021	4	2021	out	9	148	31	20	0	24.8	13	11.8	11.8	1379.174	397.7
5/15/2021	4	2021	out	10	149	31.3	20.3	0	24.34	13	11.34	11.34	1390.514	397.7
5/15/2021	4	2021	out	11	150	32.5	20.4	0	24.84	13	11.84	11.84	1402.354	397.7
5/15/2021	4	2021	out	12	151	32	23.3	0	25.92	13	12.92	12.92	1415.274	397.7
5/15/2021	4	2021	out	13	152	31	23	0	25.52	13	12.52	12.52	1427.794	397.7
5/15/2021	4	2021	out	14	153	32.3	22.4	0	25.94	13	12.94	12.94	1440.734	397.7
5/15/2021	4	2021	out	15	154	31.9	23.2	0.2	25.72	13	12.72	12.72	1453.454	397.9
5/15/2021	4	2021	out	16	155	30.8	22.4	0	25.28	13	12.28	12.28	1465.734	397.9
5/15/2021	4	2021	out	17	156	31.3	20.6	0	24.84	13	11.84	11.84	1477.574	397.9
5/15/2021	4	2021	out	18	157	32	20.7	0	25.58	13	12.58	12.58	1490.154	397.9
5/15/2021	4	2021	out	19	158	32.1	21.2	0	25.92	13	12.92	12.92	1503.074	397.9
5/15/2021	4	2021	out	20	159	32.1	22.4	0	26.22	13	13.22	13.22	1516.294	397.9
5/15/2021	4	2021	out	21	160	33.9	23.4	0	25.94	13	12.94	12.94	1529.234	397.9
5/15/2021	4	2021	out	22	161	30.8	22.6	0	25.16	13	12.16	12.16	1541.394	397.9
5/15/2021	4	2021	out	23	162	29.5	23.5	0.7	25.38	13	12.38	12.38	1553.774	398.6
5/15/2021	4	2021	out	24	163	31.4	23.4	5.5	25.58	13	12.58	12.58	1566.354	404.1
5/15/2021	4	2021	out	25	164	31	23.8	0	24.92	13	11.92	11.92	1578.274	404.1
5/15/2021	4	2021	out	26	165	30.4	21.2	7.6	24.2	13	11.2	11.2	1589.474	411.7
5/15/2021	4	2021	out	27	166	27	21.4	4.4	23.32	13	10.32	10.32	1599.794	416.1
5/15/2021	4	2021	out	28	167	27.2	21.6	7.5	23.36	13	10.36	10.36	1610.154	423.6
5/15/2021	4	2021	out	29	168	28.5	21.2	19.8	22.66	13	9.66	9.66	1619.814	443.4
5/15/2021	4	2021	out	30	169	28	20.1	2.4	22.94	13	9.94	9.94	1629.754	445.8
5/15/2021	4	2021	out	31	170	30.3	20.6	1.3	24.46	13	11.46	11.46	1641.214	447.1
5/15/2021	4	2021	nov	1	171	31.5	21.1	0	25.14	13	12.14	12.14	1653.354	447.1
5/15/2021	4	2021	nov	2	172	33	23	0	26.82	13	13.82	13.82	1667.174	447.1
5/15/2021	4	2021	nov	3	173	28.7	21.6	48	25.1	13	12.1	12.1	1679.274	495.1
5/15/2021	4	2021	nov	4	174	30.9	23.8	2.4	25.78	13	12.78	12.78	1692.054	497.5
5/15/2021	4	2021	nov	5	175	31.3	21.2	90	23.94	13	10.94	10.94	1702.994	587.5
5/15/2021	4	2021	nov	6	176	28.6	23.2	33	24.48	13	11.48	11.48	1714.474	620.5
5/15/2021	4	2021	nov	7	177	30.1	22.4	33.2	25.7	13	12.7	12.7	1727.174	653.7
5/15/2021	4	2021	nov	8	178	29.7	22.6	0.7	24.74	13	11.74	11.74	1738.914	654.4
5/15/2021	4	2021	nov	9	179	31.9	23	0	25.9	13	12.9	12.9	1751.814	654.4
5/15/2021	4	2021	nov	10	180	31	22.2	0	25.24	13	12.24	12.24	1764.054	654.4
5/15/2021	4	2021	nov	11	181	31.3	22.2	0	25.5	13	12.5	12.5	1776.554	654.4
5/15/2021	4	2021	nov	12	182	31.5	22	0	25.74	13	12.74	12.74	1789.294	654.4
5/15/2021	4	2021	nov	13	183	29.2	22.2	0	24.68	13	11.68	11.68	1800.974	654.4
5/15/2021	4	2021	nov	14	184	24.8	20.9	0	22.3	13	9.3	9.3	1810.274	654.4
5/15/2021	4	2021	nov	15	185	23.9	20.9	4.6	22.22	13	9.22	9.22	1819.494	659
5/15/2021	4	2021	nov	16	186	23.4	21	27.1	21.94	13	8.94	8.94	1828.434	686.1
5/15/2021	4	2021	nov	17	187	28.9	20.9	3.9	24.34	13	11.34	11.34	1839.774	690
5/15/2021	4	2021	nov	18	188	29.8	22.6	1.2	24.92	13	11.92	11.92	1851.694	691.2
5/15/2021	4	2021	nov	19	189	32	21.1	0	26.1	13	13.1	13.1	1864.794	691.2
5/15/2021	4	2021	nov	20	190	31.9	22.4	0	25.8	13	12.8	12.8	1877.594	691.2
5/15/2021	4	2021	nov	21	191	32.5	22	0	26.3	13	13.3	13.3	1890.894	691.2
5/15/2021	4	2021	nov	22	192	31.3	23.7	0	25.42	13	12.42	12.42	1903.314	691.2
5/15/2021	4	2021	nov	23	193	29	23	0	24.84	13	11.84	11.84	1915.154	691.2
5/15/2021	4	2021	nov	24	194	28.5	22.6	1.1	24.56	13	11.56	11.56	1926.714	692.3
5/15/2021	4	2021	nov	25	195	29.9	23.3	0	25.32	13	12.32	12.32	1939.034	692.3
5/15/2021	4	2021	nov	26	196	29.4	21.2	0	24.28	13	11.28	11.28	1950.314	692.3
5/15/2021	4	2021	nov	27	197	31.6	20.6	0	25.64	13	12.64	12.64	1962.954	692.3
5/15/2021	4	2021	nov	28	198	25.6	22.5	22.3	23.78	13	10.78	10.78	1973.734	714.6
5/15/2021	4	2021	nov	29	199	30.7	23.3	0	25.1	13	12.1	12.1	1985.834	714.6
5/15/2021	4	2021	nov	30	200	30	23.4	1.6	25.12	13	12.12	12.12	1997.954	716.2
5/15/2021	4	2021	dez	1	201	31.2	23.4	4.8	26.16	13	13.16	13.16	2011.114	721
5/15/2021	4	2021	dez	2	202	30.1	23.5	0	25.96	13	12.96	12.96	2024.074	721
5/15/2021	4	2021	dez	3	203	30.1	25.3	0	26.16	13	13.16	13.16	2037.234	721
5/15/2021	4	2021	dez	4	204	28.7	21.9	29.2	23.78	13	10.78	10.78	2048.014	750.2
5/15/2021	4	2021	dez	5	205	27.6	21.6	1.7	23.72	13	10.72	10.72	2058.734	751.9
5/15/2021	4	2021	dez	6	206	30.7	22.6	0	25.24	13	12.24	12.24	2070.974	751.9
5/15/2021	4	2021	dez	7	207	30.8	23	0	25.44	13	12.44	12.44	2083.414	751.9
5/15/2021	4	2021	dez	8	208	31	23.5	1.8	25.74	13	12.74	12.74	2096.154	753.7
5/15/2021	4	2021	dez	9	209	29.4	23.6	0	25.44	13	12.44	12.44	2108.594	753.7
5/15/2021	4	2021	dez	10	210	30	23.8	41	24.96	13	11.96	11.96	2120.554	794.7
5/15/2021	4	2021	dez	11	211	30.2	23.6	0.5	25.08	13	12.08	12.08	2132.634	795.2
5/15/2021	4	2021	dez	12	212	30.5	22.3	14.8	25.18	13	12.18	12.18	2144.814	810
5/15/2021	4	2021	dez	13	213	30.4	22	0	24.9	13	11.9	11.9	2156.714	810
5/15/2021	4	2021	dez	14	214	30.8	22.6	0	25.36	13	12.36	12.36	2169.074	810
5/15/2021	4	2021	dez	15	215	31	23.4	0	25.56	13	12.56	12.56	2181.634	810
5/15/2021	4	2021	dez	16	216	29.2	23.5	0	24.78	13	11.78	11.78	2193.414	810
5/15/2021	4	2021	dez	17	217	30.4	22.7	8.8	25.46	13	12.46	12.46	2205.874	818.8
5/15/2021	4	2021	dez	18	218	30.8	23.4	0	25.68	13	12.68	12.68	2218.554	818.8
5/15/2021	4	2021	dez	19	219	30.8	22.9	0	25.32	13	12.32	12.32	2230.874	818.8
5/15/2021	4	2021	dez	20	220	30	23.5	0	25.44	13	12.44	12.44	2243.314	818.8
5/15/2021	4	2021	dez	21	221	30.4	23	3.2	24.68	13	11.68	11.68	2254.994	822
5/15/2021	4	2021	dez	22	222	29	22.8	8	24.8	13	11.8	11.8	2266.794	830
5/15/2021	4	2021	dez	23	223	30	24	0.9	25.06	13	12.06	12.06	2278.854	830.9
5/15/2021	4	2021	dez	24	224	29.8	22.4	23	25.18	13	12.18	12.18	2291.034	853.9
5/15/2021	4	2021	dez	25	225	25.2	22.8	45.7	26.12	13	13.12	13.12	2304.154	899.6
5/15/2021	4	2021	dez	26	226	28.4	21.6	42.4	24.26	13	11.26	11.26	2315.414	942
5/15/2021	4	2021	dez	27	227	29.5	22.9	0	25.26	13	12.26	12.26	2327.674	942
5/15/2021	4	2021	dez	28	228	30.7	23.2	0	25.3	13	12.3	12.3	2339.974	942
5/15/2021	4	2021	dez	29	229	30.8	21	0	24.58	13	11.58	11.58	2351.554	942
5/15/2021	4	2021	dez	30	230	30.5	22	0.3	24.54	13	11.54	11.54	2363.094	942.3
5/15/2021	4	2021	dez	31	231	31.1	22.1	0	25.32	13	12.32	12.32	2375.414	942.3
5/15/2021	4	2022	jan	1	232	30.6	22.5	0	25.34	13	12.34	12.34	2387.754	942.3
5/15/2021	4	2022	jan	2	233	31	22.2	0	25.14	13	12.14	12.14	2399.894	942.3
5/15/2021	4	2022	jan	3	234	30.2	21	0	24.56	13	11.56	11.56	2411.454	942.3
5/15/2021	4	2022	jan	4	235	31	20.1	0	24.54	13	11.54	11.54	2422.994	942.3
5/15/2021	4	2022	jan	5	236	31	21	0	24.42	13	11.42	11.42	2434.414	942.3
5/15/2021	4	2022	jan	6	237	31.4	21.5	0	25.5	13	12.5	12.5	2446.914	942.3
5/15/2021	4	2022	jan	7	238	32.1	23.4	0	24.34	13	11.34	11.34	2458.254	942.3
5/15/2021	4	2022	jan	8	239	31.6	22	15.7	25.08	13	12.08	12.08	2470.334	958
5/15/2021	4	2022	jan	9	240	30	22	0	24.84	13	11.84	11.84	2482.174	958
5/15/2021	4	2022	jan	10	241	31.4	22	0	24.84	13	11.84	11.84	2494.014	958
5/15/2021	4	2022	jan	11	242	32.2	21	0	24.96	13	11.96	11.96	2505.974	958
5/15/2021	4	2022	jan	12	243	31.4	20.6	0	25.06	13	12.06	12.06	2518.034	958
5/15/2021	4	2022	jan	13	244	31.4	20.6	0	25.06	13	12.06	12.06	2530.094	958
5/15/2021	4	2022	jan	14	245	30.8	22	0.8	24.72	13	11.72	11.72	2541.814	958.8
5/15/2021	4	2022	jan	15	246	29.2	21	4	24.12	13	11.12	11.12	2552.934	962.8
5/15/2021	4	2022	jan	16	247	30	22	0	24.88	13	11.88	11.88	2564.814	962.8
5/15/2021	4	2022	jan	17	248	31.5	21.8	0	25.2	13	12.2	12.2	2577.014	962.8
5/15/2021	4	2022	jan	18	249	31.6	22	0	25.28	13	12.28	12.28	2589.294	962.8
5/15/2021	4	2022	jan	19	250	32.4	21	0	25.56	13	12.56	12.56	2601.854	962.8
5/15/2021	4	2022	jan	20	251	29.6	23	0	24.92	13	11.92	11.92	2613.774	962.8
5/15/2021	4	2022	jan	21	252	30.8	22	34.3	24.76	13	11.76	11.76	2625.534	997.1
5/15/2021	4	2022	jan	22	253	31.8	22	8.2	25.52	13	12.52	12.52	2638.054	1005.3
5/15/2021	4	2022	jan	23	254	30	23	3.3	25	13	12	12	2650.054	1008.6
5/15/2021	4	2022	jan	24	255	30	21	0	24.96	13	11.96	11.96	2662.014	1008.6
5/15/2021	4	2022	jan	25	256	31.2	21	0	25.44	13	12.44	12.44	2674.454	1008.6
5/15/2021	4	2022	jan	26	257	30.7	22.6	0	25.62	13	12.62	12.62	2687.074	1008.6
5/15/2021	4	2022	jan	27	258	31	22	0.5	25.4	13	12.4	12.4	2699.474	1009.1
5/15/2021	4	2022	jan	28	259	30.7	22.6	0	25.84	13	12.84	12.84	2712.314	1009.1
5/15/2021	4	2022	jan	29	260	31.6	23	0	26.56	13	13.56	13.56	2725.874	1009.1
5/15/2021	4	2022	jan	30	261	32.5	22	0	26.1	13	13.1	13.1	2738.974	1009.1
5/15/2021	4	2022	jan	31	262	32.6	23	0.4	26.24	13	13.24	13.24	2752.214	1009.5
5/15/2021	4	2022	fev	1	263	32.5	23	0	26.18	13	13.18	13.18	2765.394	1009.5
5/15/2021	4	2022	fev	2	264	32.9	23	0	25.8	13	12.8	12.8	2778.194	1009.5
5/15/2021	4	2022	fev	3	265	31.5	22.8	0	25.58	13	12.58	12.58	2790.774	1009.5
5/15/2021	4	2022	fev	4	266	32	22.2	0	25.84	13	12.84	12.84	2803.614	1009.5
5/15/2021	4	2022	fev	5	267	30.4	22.4	1.2	24.52	13	11.52	11.52	2815.134	1010.7
5/15/2021	4	2022	fev	6	268	32.5	22.4	0	25.44	13	12.44	12.44	2827.574	1010.7
5/15/2021	4	2022	fev	7	269	33.3	22.4	0	25.86	13	12.86	12.86	2840.434	1010.7
5/15/2021	4	2022	fev	8	270	33.2	22.5	0	25.66	13	12.66	12.66	2853.094	1010.7
5/15/2021	4	2022	fev	9	271	32.9	23.3	0	26.08	13	13.08	13.08	2866.174	1010.7
5/15/2021	4	2022	fev	10	272	33.7	22.2	0	25.94	13	12.94	12.94	2879.114	1010.7
5/15/2021	4	2022	fev	11	273	31.5	23.5	0	25.6	13	12.6	12.6	2891.714	1010.7
5/15/2021	4	2022	fev	12	274	32.3	23.6	3.3	26.74	13	13.74	13.74	2905.454	1014
5/15/2021	4	2022	fev	13	275	31.5	23.2	0	25.38	13	12.38	12.38	2917.834	1014
5/15/2021	4	2022	fev	14	276	32.5	23	4.8	26.14	13	13.14	13.14	2930.974	1018.8
5/15/2021	4	2022	fev	15	277	32.2	22.8	0	26.3	13	13.3	13.3	2944.274	1018.8
5/15/2021	4	2022	fev	16	278	33.1	23.2	0	25.78	13	12.78	12.78	2957.054	1018.8
5/15/2021	4	2022	fev	17	279	32.1	22.4	0	25.32	13	12.32	12.32	2969.374	1018.8
5/15/2021	4	2022	fev	18	280	30.4	22.3	0	25.34	13	12.34	12.34	2981.714	1018.8
5/15/2021	4	2022	fev	19	281	33.9	21.8	0.6	26.34	13	13.34	13.34	2995.054	1019.4
5/15/2021	4	2022	fev	20	282	30.7	23.9	0	25.64	13	12.64	12.64	3007.694	1019.4
5/15/2021	4	2022	fev	21	283	27.4	22.3	19.6	23.94	13	10.94	10.94	3018.634	1039
5/15/2021	4	2022	fev	22	284	31.3	21.9	1.8	25.3	13	12.3	12.3	3030.934	1040.8
5/15/2021	4	2022	fev	23	285	32	22.3	1.6	25.28	13	12.28	12.28	3043.214	1042.4
5/15/2021	4	2022	fev	24	286	31.9	22.7	0	25.66	13	12.66	12.66	3055.874	1042.4
5/15/2021	4	2022	fev	25	287	31.4	22.7	16.1	25.6	13	12.6	12.6	3068.474	1058.5
5/15/2021	4	2022	fev	26	288	29	22.2	10.5	24.4	13	11.4	11.4	3079.874	1069
5/15/2021	4	2022	fev	27	289	30.7	21.5	0.3	24.46	13	11.46	11.46	3091.334	1069.3
5/15/2021	4	2022	fev	28	290	31.6	21.6	0.2	24.84	13	11.84	11.84	3103.174	1069.5